RECORD	MEAN AREA	ESTIMATED_LENGTH(*)	GRADIENT(*)	EMOD(*)(#)	DECRIMPING_WORK	EXTENSION_WORK	START_X(*)	START_Y	END_X(*)	END_Y	ANALYSIS_WORK	BREAK_STRAIN(*)(#)	BREAK_LOAD	TENSILE_STRENGTH
1	3256.3	3.0160e+001	6.128e-001	5.676e+009	0.000e+000	1.115e-002	2.653e-001	2.546e+001	8.952e-001	6.056e+001	2.681e-005	63.859	8.138e-001	2.499e+002
2	4182.1	3.0070e+001	7.228e-001	5.197e+009	4.832e-007	4.660e-002	2.660e-001	4.557e+002	8.314e-001	4.852e+002	3.346e-004	61.457	2.786e+000	6.662e+002
3	4939.9	3.0400e+001	9.539e-001	5.870e+009	0.000e+000	8.360e-003	2.303e-001	-6.64E+01	8.224e-001	-3.15E+01	4.395e-005	58.322	8.128e-001	1.645e+002
4	4096.3	2.9970e+001	7.339e-001	5.369e+009	1.199e-006	3.921e-002	2.002e-001	5.368e+002	8.342e-001	5.696e+002	4.292e-004	45.612	3.120e+000	7.616e+002
5	2844.2	3.0360e+001	5.582e-001	5.958e+009	0.000e+000	4.467e-002	2.964e-001	7.823e+002	8.893e-001	8.173e+002	4.099e-004	55.665	2.842e+000	9.991e+002
6	2086.4	2.9980e+001	2.392e+000	3.437e+010	0.000e+000	4.050e-002	2.001e-001	6.012e+002	8.005e-001	8.452e+002	3.097e-004	65.577	2.233e+000	1.070e+003
7														
8	3278.8	2.9980e+001	4.075e-002	3.726e+008	0.000e+000	2.774e-003	2.001e-001	2.837e+002	8.005e-001	2.893e+002	1.689e-004	7.905	1.367e+000	4.170e+002
9	3060.2	3.0300e+001	4.979e-001	4.930e+009	1.251e-007	1.044e-002	2.640e-001	1.924e+001	8.251e-001	4.681e+001	1.740e-005	65.182	7.319e-001	2.392e+002
10														
11	2540.4	3.0080e+001	4.671e-001	5.531e+009	0.000e+000	9.058e-003	2.660e-001	2.549e+001	8.644e-001	5.889e+001	1.966e-005	65.259	6.617e-001	2.605e+002
12	3876.9	2.9980e+001	6.606e-001	5.109e+009	5.901e-006	1.034e-002	1.034e+000	2.973e+001	1.334e+000	4.492e+001	1.289e-005	50.834	9.717e-001	2.506e+002
13	3237.8	3.0070e+001	5.528e-001	5.134e+009	7.358e-009	6.878e-003	2.328e-001	1.848e+001	8.314e-001	4.848e+001	1.936e-005	43.399	7.289e-001	2.251e+002
14	3638.1	3.0430e+001	7.098e-001	5.937e+009	0.000e+000	9.982e-003	2.300e-001	2.198e+001	8.216e-001	5.771e+001	2.637e-005	55.866	8.064e-001	2.217e+002
15	3696.3	3.0010e+001	6.475e-001	5.257e+009	0.000e+000	7.412e-003	2.333e-001	1.977e+001	8.331e-001	5.056e+001	2.343e-005	44.818	7.716e-001	2.088e+002
16	4043.6	3.0310e+001	7.365e-001	5.521e+009	9.565e-008	1.214e-002	2.309e-001	1.698e+001	8.578e-001	5.180e+001	2.648e-005	63.576	8.614e-001	2.130e+002
17	3687.1	3.0050e+001	7.367e-001	6.004e+009	5.641e-008	1.251e-002	2.329e-001	1.996e+001	8.985e-001	5.960e+001	3.001e-005	59.8	1.007e+000	2.731e+002
18	3342	3.0320e+001	7.000e-001	6.350e+009	2.183e-007	7.622e-003	2.309e-001	2.172e+001	8.575e-001	6.165e+001	2.704e-005	44.954	7.701e-001	2.304e+002
19	3538	3.0200e+001	6.245e-001	5.331e+009	1.619e-007	8.856e-003	2.649e-001	2.080e+001	8.278e-001	5.074e+001	2.154e-005	56.093	7.304e-001	2.064e+002
20	3024.9	3.0020e+001	6.085e-001	6.039e+009	2.673e-007	7.698e-003	2.332e-001	1.978e+001	8.661e-001	5.757e+001	2.300e-005	51.199	7.034e-001	2.325e+002
21	3091.2	3.0300e+001	5.631e-001	5.519e+009	0.000e+000	8.311e-003	2.640e-001	2.412e+001	8.251e-001	5.475e+001	2.099e-005	54.059	7.196e-001	2.328e+002
22	3903.7	3.0020e+001	7.113e-001	5.470e+009	6.034e-007	8.015e-003	2.665e-001	1.835e+001	8.661e-001	5.089e+001	2.458e-005	44.404	8.452e-001	2.165e+002
23	3306.1	3.0020e+001	6.398e-001	5.809e+009	2.477e-007	1.285e-004	2.332e-001	2.196e+001	8.661e-001	5.846e+001	2.594e-005	2.099	3.100e-001	9.377e+001
24	3554	3.0380e+001	7.532e-001	6.439e+009	0.000e+000	1.298e-002	2.304e-001	2.153e+001	8.229e-001	5.921e+001	2.619e-005	60.171	1.034e+000	2.908e+002
25	2275.1	3.0260e+001	4.755e-001	6.325e+009	0.000e+000	8.390e-003	2.644e-001	2.760e+001	8.592e-001	6.511e+001	1.912e-005	66.788	5.852e-001	2.572e+002
26	2826.5	3.0120e+001	5.056e-001	5.388e+009	0.000e+000	8.255e-003	2.324e-001	2.135e+001	8.632e-001	5.588e+001	2.065e-005	56.507	6.706e-001	2.372e+002
27	2201	3.0340e+001	4.557e-001	6.282e+009	0.000e+000	6.882e-003	2.966e-001	2.897e+001	8.570e-001	6.508e+001	1.783e-005	60.58	5.043e-001	2.291e+002
28	2934.8	3.0080e+001	5.838e-001	5.984e+009	-9.81E-09	7.871e-003	2.660e-001	2.307e+001	8.311e-001	5.833e+001	2.034e-005	57.314	6.097e-001	2.078e+002
29	3335.2	3.0260e+001	6.763e-001	6.136e+009	2.943e-008	8.636e-003	2.644e-001	2.456e+001	8.592e-001	6.133e+001	2.604e-005	52.512	7.466e-001	2.239e+002
30	3019.5	3.0190e+001	6.786e-001	6.785e+009	0.000e+000	1.024e-002	2.319e-001	2.421e+001	8.612e-001	6.644e+001	2.612e-005	57.469	8.447e-001	2.797e+002
31	2994.1	3.0300e+001	5.931e-001	6.002e+009	0.000e+000	5.748e-003	2.640e-001	2.343e+001	8.251e-001	5.685e+001	2.076e-005	42.871	5.788e-001	1.933e+002
32	4342.1	3.0070e+001	7.579e-001	5.249e+009	0.000e+000	1.362e-002	2.328e-001	1.695e+001	8.314e-001	4.801e+001	2.528e-005	61.423	1.049e+000	2.415e+002
33	2720.1	3.0170e+001	5.842e-001	6.480e+009	1.177e-007	7.622e-003	2.320e-001	2.092e+001	8.618e-001	6.095e+001	2.124e-005	49.486	7.206e-001	2.649e+002
34	3127.9	3.0260e+001	6.084e-001	5.885e+009	4.905e-009	4.611e-003	2.644e-001	2.180e+001	8.592e-001	5.724e+001	2.236e-005	35.36	5.494e-001	1.756e+002
35	3007.1	3.0240e+001	5.615e-001	5.647e+009	6.867e-008	9.024e-003	2.646e-001	2.104e+001	8.598e-001	5.432e+001	2.065e-005	62.235	6.804e-001	2.263e+002
36	2509.9	3.0190e+001	4.857e-001	5.842e+009	0.000e+000	9.895e-003	2.319e-001	2.443e+001	8.612e-001	6.117e+001	2.040e-005	67.605	7.005e-001	2.791e+002
37	2403.9	3.0360e+001	4.616e-001	5.830e+009	1.177e-007	6.784e-003	2.306e-001	2.041e+001	8.235e-001	5.407e+001	1.618e-005	51.087	6.034e-001	2.510e+002
38	4312.5	3.0190e+001	8.493e-001	5.946e+009	-3.92E-08	1.296e-002	2.319e-001	1.831e+001	8.612e-001	5.505e+001	3.003e-005	57.304	1.075e+000	2.493e+002
39	3622.5	3.0550e+001	7.428e-001	6.264e+009	0.000e+000	8.121e-003	2.619e-001	2.410e+001	8.183e-001	5.823e+001	2.547e-005	46.121	7.853e-001	2.168e+002
40	2958.1	3.0500e+001	5.673e-001	5.850e+009	3.238e-007	8.738e-003	2.623e-001	2.172e+001	8.852e-001	5.854e+001	2.270e-005	53.049	7.814e-001	2.642e+002
41	3495.4	3.0500e+001	6.173e-001	5.386e+009	0.000e+000	1.017e-002	2.295e-001	1.923e+001	8.852e-001	5.375e+001	2.558e-005	56.295	8.540e-001	2.443e+002
42	3113.5	3.0840e+001	6.854e-001	6.790e+009	1.594e-007	9.572e-003	3.243e-001	3.009e+001	8.755e-001	6.853e+001	2.629e-005	53.08	8.457e-001	2.716e+002
43	3459.5	3.0380e+001	7.194e-001	6.318e+009	2.870e-007	6.379e-003	2.633e-001	2.325e+001	8.229e-001	5.884e+001	2.467e-005	39.862	7.000e-001	2.023e+002
44	3817.3	3.0090e+001	7.694e-001	6.065e+009	0.000e+000	1.208e-002	2.326e-001	1.940e+001	8.308e-001	5.551e+001	2.601e-005	58.624	9.845e-001	2.579e+002
45	3813.6	3.0120e+001	7.024e-001	5.548e+009	0.000e+000	1.106e-002	2.324e-001	2.058e+001	8.632e-001	5.544e+001	2.763e-005	59.23	8.947e-001	2.346e+002
46	2269.1	3.0260e+001	4.658e-001	6.212e+009	0.000e+000	6.192e-003	2.644e-001	2.745e+001	8.592e-001	6.507e+001	1.889e-005	52.313	5.548e-001	2.445e+002
47	4641.5	3.0060e+001	8.387e-001	5.432e+009	0.000e+000	1.224e-002	2.329e-001	1.776e+001	8.649e-001	5.115e+001	3.021e-005	53.726	1.087e+000	2.341e+002
48	1813.6	3.0630e+001	3.586e-001	6.056e+009	0.000e+000	5.031e-003	2.612e-001	2.921e+001	8.488e-001	6.491e+001	1.528e-005	51.845	4.488e-001	2.475e+002
49	4056.9	3.0220e+001	7.935e-001	5.911e+009	1.324e-007	6.425e-003	2.647e-001	2.080e+001	8.273e-001	5.429e+001	2.588e-005	34.381	7.932e-001	1.955e+002
50	4362.3	3.0610e+001	7.640e-001	5.361e+009	0.000e+000	8.745e-003	2.614e-001	2.058e+001	8.494e-001	5.229e+001	2.874e-005	44.691	8.952e-001	2.052e+002