RECORD	MEAN AREA	ESTIMATED_LENGTH(*)	GRADIENT(*)	EMOD(*)(#)	DECRIMPING_WORK	EXTENSION_WORK	START_X(*)	START_Y	END_X(*)	END_Y	ANALYSIS_WORK	BREAK_STRAIN(*)(#)	BREAK_LOAD	TENSILE_STRENGTH
1	3401.9	3.02E+01	6.69E-01	5.93E+09	0.00E+00	6.98E-03	2.65E-01	2.44E+01	8.62E-01	6.01E+01	2.61E-05			
2	3973.4	3.02E+01	7.97E-01	6.05E+09	-2.45E-08	8.48E-03	2.32E-01	2.01E+01	8.62E-01	5.75E+01	2.94E-05	42.923	9.14E-01	2.30E+02
3	4999.6	3.03E+01	8.18E-01	4.95E+09	3.31E-07	1.25E-02	2.64E-01	1.81E+01	8.59E-01	4.80E+01	2.98E-05	59.451	9.48E-01	1.90E+02
4	5873.1	3.00E+01	9.90E-01	5.05E+09	3.69E-06	1.61E-02	9.34E-01	2.08E+01	1.50E+00	4.86E+01	3.47E-05	56.304	1.38E+00	2.34E+02
5	2468.3	3.07E+01	4.18E-01	5.19E+09	0.00E+00	6.54E-03	2.94E-01	2.74E+01	9.14E-01	5.92E+01	2.07E-05	59.511	5.07E-01	2.05E+02
6	3119.7	3.02E+01	5.30E-01	5.13E+09	2.45E-08	8.61E-03	2.32E-01	1.84E+01	8.61E-01	5.06E+01	2.03E-05	57.867	6.94E-01	2.23E+02
7	4174.1	3.02E+01	7.57E-01	5.48E+09	0.00E+00	9.45E-03	2.32E-01	1.93E+01	8.61E-01	5.38E+01	2.88E-05	49.586	8.72E-01	2.09E+02
8	3260.1	3.02E+01	6.02E-01	5.58E+09	-4.91E-09	8.56E-03	2.32E-01	2.06E+01	8.27E-01	5.30E+01	2.09E-05	54.467	7.36E-01	2.26E+02
9	2844.4	3.02E+01	5.51E-01	5.86E+09	0.00E+00	7.44E-03	2.32E-01	2.41E+01	8.27E-01	5.92E+01	2.15E-05	53.258	6.50E-01	2.28E+02
10	3905.6	3.02E+01	6.98E-01	5.39E+09	0.00E+00	8.59E-03	2.32E-01	2.01E+01	8.61E-01	5.45E+01	2.78E-05	50.911	7.51E-01	1.92E+02
11	2646.1	3.01E+01	4.78E-01	5.45E+09	1.13E-07	8.49E-03	2.32E-01	1.93E+01	8.63E-01	5.47E+01	1.88E-05	66.257	6.04E-01	2.28E+02
12	2961.5	3.04E+01	5.20E-01	5.34E+09	-7.36E-09	9.27E-03	2.30E-01	1.87E+01	8.22E-01	5.07E+01	1.82E-05	60.066	6.95E-01	2.35E+02
13	4013.9	3.01E+01	6.75E-01	5.06E+09	0.00E+00	1.18E-02	2.32E-01	1.85E+01	8.63E-01	5.04E+01	2.66E-05	58.831	9.52E-01	2.37E+02
14	3091.4	3.00E+01	4.77E-01	4.62E+09	1.86E-05	8.37E-03	1.84E+00	1.51E+01	2.67E+00	5.24E+01	2.43E-05	53.954	7.36E-01	2.38E+02
15	2243.3	3.01E+01	4.28E-01	5.75E+09	0.00E+00	6.65E-03	2.65E-01	2.54E+01	8.63E-01	5.97E+01	1.69E-05	60.451	5.10E-01	2.27E+02
16	3466	3.01E+01	6.85E-01	5.95E+09	-4.91E-09	9.96E-03	2.33E-01	1.87E+01	8.31E-01	5.39E+01	2.33E-05	56.265	8.29E-01	2.39E+02
17	3916.9	3.02E+01	7.50E-01	5.79E+09	3.14E-07	1.18E-02	2.65E-01	1.77E+01	8.60E-01	5.16E+01	2.45E-05	56.845	9.59E-01	2.45E+02
18	4229.4	3.00E+01	7.24E-01	5.14E+09	0.00E+00	1.08E-02	2.33E-01	1.64E+01	8.66E-01	4.77E+01	2.53E-05	54.497	9.28E-01	2.19E+02
19	2019.9	3.02E+01	4.03E-01	6.03E+09	0.00E+00	6.94E-03	2.32E-01	2.57E+01	8.27E-01	6.19E+01	1.58E-05	66.81	4.79E-01	2.37E+02
20	4853.4	3.02E+01	8.19E-01	5.10E+09	1.18E-07	1.09E-02	2.32E-01	1.73E+01	8.61E-01	4.98E+01	3.07E-05	48.328	1.05E+00	2.17E+02
21	2219.6	3.02E+01	4.58E-01	6.23E+09	8.83E-08	5.75E-03	2.65E-01	2.61E+01	8.27E-01	6.12E+01	1.65E-05	52.713	4.98E-01	2.25E+02
22	3786.4	3.01E+01	6.32E-01	5.02E+09	1.59E-07	7.90E-03	2.66E-01	1.83E+01	8.31E-01	4.70E+01	2.13E-05	46.292	7.72E-01	2.04E+02
23	2667.2	3.03E+01	4.89E-01	5.55E+09	2.80E-07	7.30E-03	2.97E-01	2.35E+01	8.58E-01	5.48E+01	1.83E-05	55.233	6.25E-01	2.34E+02
24	4781.5	3.02E+01	9.06E-01	5.72E+09	-4.42E-08	1.38E-02	2.32E-01	1.77E+01	8.62E-01	5.34E+01	3.23E-05	57.806	1.12E+00	2.35E+02
25	6044.2	3.02E+01	1.06E+00	5.32E+09	5.20E-07	1.40E-02	2.65E-01	1.50E+01	8.60E-01	4.64E+01	3.36E-05	50.099	1.28E+00	2.12E+02
26	2986.8	3.03E+01	5.60E-01	5.69E+09	0.00E+00	9.04E-03	2.64E-01	2.45E+01	8.25E-01	5.58E+01	2.06E-05	56.37	7.50E-01	2.51E+02
27	4270.4	3.03E+01	8.30E-01	5.89E+09	2.72E-07	1.30E-02	2.97E-01	2.45E+01	8.57E-01	5.76E+01	3.04E-05	58.833	1.03E+00	2.40E+02
28	2941.6	3.02E+01	5.35E-01	5.49E+09	0.00E+00	6.20E-03	2.32E-01	2.20E+01	8.62E-01	5.55E+01	2.19E-05	47.564	5.98E-01	2.03E+02
29	4393.2	3.01E+01	6.97E-01	4.78E+09	8.34E-08	1.05E-02	2.33E-01	1.50E+01	8.31E-01	4.34E+01	2.33E-05	51.047	9.40E-01	2.14E+02
30	4170.1	3.02E+01	7.76E-01	5.63E+09	0.00E+00	1.22E-02	2.32E-01	2.00E+01	8.60E-01	5.44E+01	2.94E-05	56.283	1.03E+00	2.47E+02
31	2510.6	3.01E+01	5.10E-01	6.12E+09	0.00E+00	6.08E-03	2.32E-01	2.58E+01	8.63E-01	6.51E+01	2.21E-05	48.373	5.72E-01	2.28E+02
32	2765.1	3.03E+01	5.60E-01	6.13E+09	-4.91E-09	8.35E-03	2.64E-01	2.59E+01	8.59E-01	6.32E+01	2.22E-05	56.94	6.95E-01	2.51E+02
33	4286.9	3.03E+01	6.80E-01	4.80E+09	4.42E-07	1.00E-02	2.64E-01	1.57E+01	8.59E-01	4.38E+01	2.23E-05	49.438	9.49E-01	2.21E+02
34	3444.8	3.03E+01	6.02E-01	5.30E+09	0.00E+00	9.21E-03	2.64E-01	2.09E+01	8.58E-01	5.14E+01	2.26E-05	54.716	7.79E-01	2.26E+02
35	4302.6	3.01E+01	7.24E-01	5.06E+09	5.89E-08	1.22E-02	2.33E-01	1.55E+01	8.31E-01	4.63E+01	2.41E-05	58.425	9.82E-01	2.28E+02
36	4206.3	3.01E+01	8.39E-01	6.00E+09	-2.45E-08	9.00E-03	2.33E-01	1.77E+01	8.65E-01	5.53E+01	2.92E-05	44.212	9.49E-01	2.26E+02
37														
38	2513.9	3.02E+01	3.82E-01	4.59E+09	0.00E+00	6.21E-03	2.32E-01	2.11E+01	8.27E-01	4.78E+01	1.57E-05	59.808	4.60E-01	1.83E+02
39	2225.9	3.03E+01	4.34E-01	5.92E+09	0.00E+00	7.17E-03	2.97E-01	2.80E+01	8.57E-01	6.13E+01	1.73E-05	60.58	5.42E-01	2.44E+02
40	3480.7	3.01E+01	6.50E-01	5.63E+09	0.00E+00	8.92E-03	2.32E-01	2.16E+01	8.63E-01	5.79E+01	2.65E-05	51.66	8.07E-01	2.32E+02
41	4108.1	3.02E+01	8.35E-01	6.15E+09	1.72E-07	1.16E-02	2.65E-01	2.02E+01	8.60E-01	5.71E+01	2.89E-05	51.257	1.06E+00	2.57E+02
42	2605.4	3.04E+01	5.16E-01	6.01E+09	0.00E+00	6.51E-03	2.31E-01	2.32E+01	8.89E-01	6.21E+01	2.27E-05	51.812	5.69E-01	2.18E+02
43	3488.4	3.05E+01	5.63E-01	4.93E+09	0.00E+00	8.77E-03	2.29E-01	1.93E+01	8.84E-01	5.08E+01	2.43E-05	56.698	6.93E-01	1.99E+02
44	3071.1	3.01E+01	5.92E-01	5.80E+09	0.00E+00	7.56E-03	2.33E-01	2.09E+01	8.64E-01	5.75E+01	2.31E-05	50.997	6.90E-01	2.25E+02
45	3147.1	3.03E+01	6.45E-01	6.21E+09	0.00E+00	8.75E-03	2.64E-01	2.56E+01	8.25E-01	6.03E+01	2.32E-05	54.422	7.31E-01	2.32E+02
46	4258	3.03E+01	7.47E-01	5.31E+09	0.00E+00	1.07E-02	2.64E-01	1.95E+01	8.26E-01	4.90E+01	2.48E-05	52.246	9.44E-01	2.22E+02
47	2766.8	3.02E+01	5.40E-01	5.90E+09	2.45E-08	1.05E-02	2.32E-01	2.00E+01	8.61E-01	5.62E+01	2.01E-05	66.578	7.55E-01	2.73E+02
48	3561.7	3.01E+01	7.51E-01	6.34E+09	-2.94E-08	9.62E-03	2.66E-01	2.41E+01	8.64E-01	6.32E+01	2.84E-05	50.133	9.01E-01	2.53E+02
49	2664.7	3.02E+01	5.08E-01	5.75E+09	3.68E-07	4.85E-03	2.65E-01	2.17E+01	8.29E-01	5.50E+01	1.76E-05	39.337	5.53E-01	2.08E+02
50	2842.7	3.04E+01	5.10E-01	5.46E+09	0.00E+00	8.71E-03	2.30E-01	2.42E+01	8.22E-01	5.63E+01	2.07E-05	63.717	6.32E-01	2.22E+02
51														
52	2855.7	3.03E+01	6.06E-01	6.43E+09	0.00E+00	8.47E-03	2.64E-01	2.42E+01	8.92E-01	6.41E+01	2.45E-05	56.44	6.97E-01	2.44E+02
53	2769.1	3.03E+01	5.22E-01	5.71E+09	7.85E-08	1.01E-02	2.64E-01	2.29E+01	8.25E-01	5.47E+01	1.85E-05	71.749	6.51E-01	2.35E+02
54	3522	3.01E+01	6.24E-01	5.34E+09	0.00E+00	9.79E-03	2.65E-01	2.05E+01	8.63E-01	5.21E+01	2.26E-05	59.887	7.61E-01	2.16E+02
55	5467.8	3.01E+01	9.29E-01	5.11E+09	5.35E-07	1.24E-02	2.33E-01	1.22E+01	8.32E-01	4.28E+01	2.73E-05	55.341	9.80E-01	1.79E+02
56	3392.8	3.02E+01	6.42E-01	5.72E+09	0.00E+00	8.09E-03	2.32E-01	2.02E+01	8.60E-01	5.49E+01	2.42E-05	52.976	6.92E-01	2.04E+02
57	4273.4	3.01E+01	7.90E-01	5.57E+09	0.00E+00	1.40E-02	2.32E-01	1.83E+01	8.63E-01	5.30E+01	2.87E-05	63.911	1.06E+00	2.47E+02
58	2405.1	3.02E+01	4.41E-01	5.53E+09	0.00E+00	6.87E-03	2.32E-01	2.41E+01	8.62E-01	5.79E+01	1.89E-05	58.17	5.53E-01	2.30E+02
59	4694.8	3.01E+01	8.35E-01	5.36E+09	0.00E+00	1.40E-02	2.32E-01	1.86E+01	8.63E-01	5.32E+01	3.20E-05	61.554	1.07E+00	2.27E+02
60	3118.4	3.00E+01	6.02E-01	5.79E+09	4.31E-06	9.48E-03	8.67E-01	1.56E+01	1.67E+00	6.04E+01	2.85E-05	58.205	7.63E-01	2.45E+02
61	3926.7	3.02E+01	6.76E-01	5.19E+09	4.24E-07	1.23E-02	2.32E-01	1.44E+01	8.95E-01	4.90E+01	2.52E-05	61.903	9.44E-01	2.40E+02
62	4246.4	3.03E+01	7.42E-01	5.30E+09	0.00E+00	1.17E-02	2.64E-01	2.25E+01	8.25E-01	5.22E+01	2.68E-05	59.334	9.02E-01	2.12E+02
63	3379.4	3.02E+01	6.56E-01	5.87E+09	1.37E-07	9.69E-03	2.32E-01	2.08E+01	8.93E-01	5.92E+01	2.72E-05	56.533	8.11E-01	2.40E+02
64	3755.4	3.01E+01	6.78E-01	5.44E+09	0.00E+00	1.11E-02	2.32E-01	2.06E+01	8.63E-01	5.47E+01	2.70E-05	64.442	7.96E-01	2.12E+02
65	4502.8	3.02E+01	8.31E-01	5.57E+09	0.00E+00	1.23E-02	2.32E-01	1.91E+01	8.61E-01	5.33E+01	3.10E-05	57.701	1.01E+00	2.23E+02
66	2181.9	3.02E+01	4.03E-01	5.56E+09	3.68E-08	4.09E-03	2.65E-01	2.54E+01	8.95E-01	6.00E+01	1.78E-05	42.573	4.26E-01	1.95E+02
67	2049.2	3.02E+01	3.97E-01	5.85E+09	2.94E-08	4.96E-03	2.65E-01	2.68E+01	8.29E-01	6.03E+01	1.52E-05	52.504	4.21E-01	2.06E+02
68	2392.5	3.02E+01	4.36E-01	5.50E+09	0.00E+00	4.21E-03	2.65E-01	2.52E+01	8.28E-01	5.62E+01	1.66E-05	44.069	4.02E-01	1.68E+02
69	2773.6	3.02E+01	4.74E-01	5.16E+09	0.00E+00	8.85E-03	2.32E-01	2.07E+01	8.95E-01	5.52E+01	2.14E-05	65.385	6.53E-01	2.36E+02
70	5891.2	3.01E+01	9.45E-01	4.82E+09	0.00E+00	1.63E-02	2.33E-01	1.55E+01	8.31E-01	4.40E+01	3.16E-05	64.516	1.17E+00	1.99E+02
71	3178.6	3.03E+01	6.02E-01	5.73E+09	0.00E+00	7.41E-03	2.64E-01	2.32E+01	8.59E-01	5.70E+01	2.29E-05	53.073	6.38E-01	2.01E+02
72	4022.9	3.02E+01	7.53E-01	5.65E+09	0.00E+00	1.02E-02	2.32E-01	2.00E+01	8.94E-01	5.71E+01	3.15E-05	54.353	8.62E-01	2.14E+02
73	3011	3.03E+01	5.98E-01	6.03E+09	1.52E-07	8.57E-03	2.31E-01	2.36E+01	8.90E-01	6.35E+01	2.70E-05	57.713	6.77E-01	2.25E+02
74	3870.5	3.02E+01	6.55E-01	5.11E+09	0.00E+00	1.03E-02	2.65E-01	2.07E+01	8.28E-01	4.92E+01	2.30E-05	54.705	9.05E-01	2.34E+02
75	1949.4	3.06E+01	3.36E-01	5.26E+09	0.00E+00	4.25E-03	2.62E-01	2.89E+01	8.18E-01	5.86E+01	1.47E-05	53.159	3.14E-01	1.61E+02
76	3903.9	3.03E+01	6.94E-01	5.39E+09	0.00E+00	1.17E-02	2.64E-01	2.12E+01	8.25E-01	5.13E+01	2.43E-05	65.215	8.21E-01	2.10E+02
77	3279.8	3.01E+01	6.29E-01	5.77E+09	4.91E-09	1.22E-02	2.33E-01	1.90E+01	8.31E-01	5.32E+01	2.18E-05	67.331	8.70E-01	2.65E+02
78	3258.7	3.02E+01	6.97E-01	6.46E+09	2.82E-07	7.44E-03	2.32E-01	2.08E+01	8.27E-01	5.84E+01	2.34E-05	44.558	7.63E-01	2.34E+02
79	3996.5	3.02E+01	7.31E-01	5.53E+09	2.04E-07	8.35E-03	2.32E-01	1.90E+01	8.27E-01	5.14E+01	2.55E-05	52.663	6.79E-01	1.70E+02
80	2830.6	3.02E+01	5.34E-01	5.70E+09	0.00E+00	7.91E-03	2.32E-01	2.15E+01	8.61E-01	5.81E+01	2.22E-05	55.364	6.81E-01	2.41E+02
81	2352.8	3.06E+01	4.49E-01	5.84E+09	1.03E-07	4.91E-03	2.94E-01	2.73E+01	8.50E-01	6.05E+01	1.80E-05	47.778	4.41E-01	1.87E+02
82	2680.1	3.05E+01	5.20E-01	5.92E+09	0.00E+00	9.10E-03	2.62E-01	2.69E+01	8.19E-01	5.95E+01	1.98E-05	63.073	6.86E-01	2.56E+02
83	4097.6	3.01E+01	6.82E-01	5.01E+09	7.36E-09	1.11E-02	2.32E-01	1.70E+01	8.63E-01	4.84E+01	2.51E-05	53.984	9.89E-01	2.42E+02
84	4291.1	3.01E+01	7.46E-01	5.24E+09	0.00E+00	1.45E-02	2.32E-01	1.73E+01	8.63E-01	5.00E+01	2.72E-05	65.239	1.06E+00	2.47E+02
85	2948.6	3.02E+01	5.09E-01	5.21E+09	0.00E+00	8.82E-03	2.32E-01	2.28E+01	8.29E-01	5.37E+01	2.00E-05	62.554	6.67E-01	2.26E+02
86	4508.4	3.02E+01	7.63E-01	5.10E+09	5.57E-07	1.34E-02	2.65E-01	1.70E+01	8.29E-01	4.70E+01	2.45E-05	58.872	1.10E+00	2.43E+02
87	3954.3	3.00E+01	8.19E-01	6.21E+09	3.96E-06	9.54E-03	9.34E-01	3.40E+01	1.40E+00	6.29E+01	2.64E-05	48.899	9.09E-01	2.30E+02
88	4423.6	3.01E+01	8.40E-01	5.71E+09	0.00E+00	1.26E-02	2.33E-01	1.92E+01	8.64E-01	5.53E+01	3.17E-05	56.915	1.07E+00	2.41E+02
89	2146.7	3.02E+01	3.74E-01	5.26E+09	0.00E+00	7.27E-03	2.32E-01	2.31E+01	8.27E-01	5.39E+01	1.52E-05	68.674	5.01E-01	2.34E+02
90	2282.9	3.02E+01	4.64E-01	6.15E+09	6.38E-08	6.17E-03	2.65E-01	2.56E+01	8.60E-01	6.21E+01	1.82E-05	52.976	5.42E-01	2.37E+02
91	2691.9	3.01E+01	4.69E-01	5.25E+09	3.43E-08	4.84E-03	2.66E-01	2.02E+01	8.30E-01	5.05E+01	1.64E-05	43.677	4.70E-01	1.75E+02
92														
93	2304.7	3.03E+01	3.91E-01	5.15E+09	0.00E+00	4.89E-03	2.64E-01	2.47E+01	8.25E-01	5.36E+01	1.52E-05	52.673	3.84E-01	1.67E+02
94	7386.4	3.01E+01	1.25E+00	5.09E+09	5.35E-07	1.19E-02	2.33E-01	1.36E+01	8.30E-01	4.47E+01	3.95E-05	40.086	1.34E+00	1.81E+02
95	2777.3	3.08E+01	5.14E-01	5.70E+09	0.00E+00	9.17E-03	3.24E-01	3.00E+01	9.08E-01	6.29E+01	2.35E-05	63.704	6.61E-01	2.38E+02
96	3391	3.02E+01	6.62E-01	5.90E+09	0.00E+00	9.42E-03	2.32E-01	2.00E+01	8.61E-01	5.71E+01	2.46E-05	54.621	8.23E-01	2.43E+02
97	3664.7	3.03E+01	7.20E-01	5.95E+09	0.00E+00	6.10E-04	2.64E-01	2.41E+01	8.25E-01	5.80E+01	2.57E-05	5.149	5.05E-01	1.38E+02
98	3657.1	3.02E+01	6.71E-01	5.53E+09	4.27E-07	4.53E-03	2.65E-01	1.91E+01	8.29E-01	5.11E+01	2.20E-05	31.177	5.38E-01	1.47E+02
99	8058.2	3.03E+01	1.19E+00	4.46E+09	3.24E-07	2.06E-02	2.64E-01	1.33E+01	8.92E-01	4.12E+01	4.15E-05	53.567	1.83E+00	2.27E+02
100	2700.1	3.02E+01	5.40E-01	6.04E+09	0.00E+00	7.06E-03	2.32E-01	2.25E+01	8.61E-01	6.01E+01	2.12E-05	51.706	6.41E-01	2.37E+02