Three Phase Analysis Version 6.0
Source File: D:\20241204_EN_IHNY_bleached_Olaplex AA control_0.01_0.03_0.05.uvc
RECORD	CROSS-SECTIONAL AREA	MEAN DIAMETER	MAX DIAMETER	MIN DIAMETER	ELASTIC EMOD	ELASTIC GRADIENT	ELASTIC EXT	ELASTIC STRESS	PLATEAU LOAD	PLATEAU STRESS	LOAD 15%	STRESS 15%	WORK 15%	LOAD 25%	STRESS 25%	WORK 25%	YIELD EXT	POSTYIELD GRADIENT	BREAK EXT	BREAK LOAD	BREAK STRESS	TOTAL WORK	TOUGHNESS
	  sq. microns	Microns	Microns	Microns	Pascals	gmf/mm	% Strain	gmf/sq micron	gmf	gmf/sq micron	gmf	gmf/sq micron	Joules	gmf	gmf/sq micron	Joules	% Strain	gmf/mm	% Strain	gmf	gmf/sq micron	Joules	Joules/m3
1	3455.8	69.3	80.9	54.5	3.707e+009	4.267e+001	3.33	1.385e-002	4.800e+001	1.389e-002	4.725e+001	1.367e-002	1.991e-003	4.895e+001	1.416e-002	3.416e-003	26.96	2.752e+000	51.18	6.795e+001	1.966e-002	7.942e-003	7.511e+007
2	6049.7	90.8	101.8	75.7	4.252e+009	8.576e+001	3.01	1.333e-002	8.275e+001	1.368e-002	8.200e+001	1.355e-002	3.420e-003	8.625e+001	1.426e-002	5.949e-003	24.80	5.290e+000	47.53	1.193e+002	1.972e-002	1.279e-002	6.916e+007
3	4438.2	78.6	94.5	59.8	4.174e+009	6.265e+001	2.85	1.230e-002	5.707e+001	1.286e-002	5.655e+001	1.274e-002	2.354e-003	5.820e+001	1.311e-002	4.018e-003	26.01	3.130e+000	50.80	7.970e+001	1.796e-002	9.222e-003	6.894e+007
4	4199.5	74.7	88.1	60.7	4.382e+009	6.199e+001	3.04	1.369e-002	5.923e+001	1.410e-002	5.855e+001	1.394e-002	2.435e-003	6.090e+001	1.450e-002	4.206e-003	24.36	4.030e+000	46.93	8.605e+001	2.049e-002	8.945e-003	7.039e+007
5	3652.8	71.3	83.4	55.8	4.165e+009	5.154e+001	3.06	1.335e-002	5.129e+001	1.404e-002	5.060e+001	1.385e-002	2.061e-003	5.315e+001	1.455e-002	3.593e-003	26.65	3.403e+000	52.04	7.885e+001	2.159e-002	8.849e-003	8.051e+007
6	3610.9	72.5	85.6	53.7	3.748e+009	4.588e+001	3.23	1.360e-002	4.988e+001	1.381e-002	4.980e+001	1.379e-002	2.012e-003	5.080e+001	1.407e-002	3.504e-003	24.18	2.639e+000	46.66	6.635e+001	1.838e-002	7.154e-003	6.589e+007
7	4779.0	81.2	97.6	62.3	4.226e+009	6.855e+001	2.86	1.239e-002	6.331e+001	1.325e-002	6.330e+001	1.325e-002	2.558e-003	6.775e+001	1.418e-002	4.483e-003	20.45	3.574e+000	40.06	8.530e+001	1.785e-002	7.807e-003	5.440e+007
8	3417.3	69.0	83.4	52.2	4.141e+009	4.792e+001	2.89	1.280e-002	4.596e+001	1.345e-002	4.595e+001	1.345e-002	1.895e-003	4.745e+001	1.389e-002	3.252e-003	21.56	2.720e+000	41.93	6.165e+001	1.804e-002	5.945e-003	5.779e+007
9
10	4739.2	83.1	101.3	59.6	4.201e+009	6.753e+001	3.03	1.349e-002	6.756e+001	1.426e-002	6.750e+001	1.424e-002	2.757e-003	7.095e+001	1.497e-002	4.762e-003	14.18	1.258e+000	26.96	7.250e+001	1.530e-002	5.171e-003	3.631e+007
11	3068.7	63.4	70.8	55.4	4.474e+009	4.613e+001	2.87	1.385e-002	4.381e+001	1.428e-002	4.285e+001	1.396e-002	1.808e-003	4.510e+001	1.470e-002	3.115e-003	28.44	2.439e+000	55.17	6.570e+001	2.141e-002	8.107e-003	8.707e+007
12	3409.4	67.5	79.3	54.7	4.182e+009	4.783e+001	3.00	1.324e-002	4.605e+001	1.351e-002	4.550e+001	1.335e-002	1.899e-003	4.675e+001	1.371e-002	3.271e-003	24.46	2.616e+000	46.91	6.270e+001	1.839e-002	6.800e-003	6.565e+007
13	2808.1	61.1	70.8	50.5	4.313e+009	4.061e+001	2.93	1.359e-002	3.869e+001	1.378e-002	3.815e+001	1.359e-002	1.620e-003	3.975e+001	1.416e-002	2.777e-003	21.28	2.163e+000	40.86	5.050e+001	1.798e-002	4.866e-003	5.700e+007
14	3999.6	72.8	83.7	60.8	4.212e+009	5.656e+001	3.06	1.358e-002	5.578e+001	1.395e-002	5.495e+001	1.374e-002	2.280e-003	5.660e+001	1.415e-002	3.947e-003	29.15	2.971e+000	56.23	7.890e+001	1.973e-002	1.046e-002	8.617e+007
15	2971.7	61.8	66.9	56.6	3.995e+009	3.988e+001	2.90	1.272e-002	3.947e+001	1.328e-002	4.060e+001	1.366e-002	1.615e-003	4.195e+001	1.412e-002	2.836e-003	20.76	1.122e+000	40.01	4.930e+001	1.659e-002	4.823e-003	5.349e+007
16	3418.7	67.4	77.0	56.5	4.021e+009	4.586e+001	3.24	1.384e-002	4.827e+001	1.412e-002	4.835e+001	1.414e-002	2.001e-003	4.870e+001	1.425e-002	3.431e-003	28.35	2.732e+000	54.11	7.070e+001	2.068e-002	8.617e-003	8.251e+007
17	3055.4	64.1	77.0	50.6	4.358e+009	4.476e+001	2.84	1.308e-002	4.297e+001	1.406e-002	4.270e+001	1.398e-002	1.768e-003	4.540e+001	1.486e-002	3.075e-003	20.84	2.888e+000	40.30	5.970e+001	1.954e-002	5.437e-003	5.869e+007
18	3991.4	72.1	83.8	60.6	4.176e+009	5.633e+001	2.92	1.303e-002	5.620e+001	1.408e-002	5.625e+001	1.409e-002	2.279e-003	5.980e+001	1.498e-002	3.959e-003	24.24	3.984e+000	47.05	8.500e+001	2.130e-002	8.674e-003	7.205e+007
19	3817.1	74.3	90.1	54.0	4.292e+009	5.501e+001	3.23	1.442e-002	5.687e+001	1.490e-002	5.665e+001	1.484e-002	2.312e-003	5.850e+001	1.533e-002	4.039e-003	24.37	3.476e+000	46.67	7.915e+001	2.074e-002	8.379e-003	7.231e+007
20	4921.3	82.1	95.8	65.4	4.157e+009	6.956e+001	3.64	1.374e-002	7.105e+001	1.444e-002	7.075e+001	1.438e-002	2.718e-003	7.370e+001	1.498e-002	4.865e-003	24.55	3.799e+000	46.93	9.735e+001	1.978e-002	1.028e-002	6.968e+007
21	4032.4	78.7	97.9	52.4	3.892e+009	5.298e+001	3.38	1.390e-002	5.748e+001	1.425e-002	5.720e+001	1.419e-002	2.318e-003	6.140e+001	1.523e-002	4.036e-003	23.84	3.281e+000	45.46	8.060e+001	1.999e-002	8.269e-003	6.790e+007
22	5366.5	84.7	98.5	69.4	3.981e+009	7.242e+001	3.23	1.326e-002	7.411e+001	1.381e-002	7.275e+001	1.356e-002	2.963e-003	7.650e+001	1.426e-002	5.181e-003	27.27	4.494e+000	52.88	1.107e+002	2.063e-002	1.282e-002	7.946e+007
23	4940.8	83.9	101.6	61.9	4.146e+009	6.914e+001	3.01	1.303e-002	6.800e+001	1.376e-002	6.785e+001	1.373e-002	2.777e-003	7.105e+001	1.438e-002	4.802e-003	21.89	4.149e+000	42.38	9.265e+001	1.875e-002	8.959e-003	6.004e+007
24	3108.2	62.8	68.2	57.9	3.976e+009	4.142e+001	2.80	1.224e-002	4.081e+001	1.313e-002	4.135e+001	1.330e-002	1.674e-003	4.445e+001	1.430e-002	2.947e-003	22.26	2.482e+000	42.98	5.770e+001	1.856e-002	5.626e-003	5.952e+007
25	4256.2	77.6	91.9	59.1	3.956e+009	5.690e+001	3.12	1.242e-002	5.590e+001	1.313e-002	5.515e+001	1.296e-002	2.238e-003	5.810e+001	1.365e-002	3.922e-003	27.69	3.345e+000	53.78	8.435e+001	1.982e-002	9.914e-003	7.723e+007
26	3176.6	64.7	73.0	55.4	4.032e+009	4.312e+001	3.10	1.374e-002	4.682e+001	1.474e-002	4.680e+001	1.473e-002	1.886e-003	4.970e+001	1.565e-002	3.319e-003	23.75	3.497e+000	45.71	7.040e+001	2.216e-002	6.988e-003	7.265e+007
27	5264.4	83.9	94.7	70.8	4.206e+009	7.476e+001	2.91	1.337e-002	7.327e+001	1.392e-002	7.245e+001	1.376e-002	2.998e-003	7.550e+001	1.434e-002	5.181e-003	19.44	3.600e+000	37.40	9.205e+001	1.749e-002	8.193e-003	5.155e+007
28	3589.5	74.6	90.7	50.4	3.938e+009	4.745e+001	3.19	1.387e-002	5.162e+001	1.438e-002	5.090e+001	1.418e-002	2.111e-003	5.320e+001	1.482e-002	3.657e-003	24.93	3.455e+000	47.60	7.510e+001	2.092e-002	7.964e-003	7.308e+007
29	3363.0	66.9	75.3	56.8	4.270e+009	4.818e+001	3.13	1.396e-002	4.790e+001	1.424e-002	4.725e+001	1.405e-002	1.955e-003	4.915e+001	1.461e-002	3.394e-003	23.30	2.937e+000	44.60	6.555e+001	1.949e-002	6.713e-003	6.570e+007
30	3425.8	69.9	80.5	54.2	4.146e+009	4.701e+001	3.12	1.368e-002	4.974e+001	1.452e-002	4.985e+001	1.455e-002	2.042e-003	5.330e+001	1.556e-002	3.591e-003	22.37	3.855e+000	42.27	7.395e+001	2.159e-002	6.901e-003	6.540e+007
31	4470.8	78.4	96.7	58.8	4.038e+009	6.117e+001	2.96	1.216e-002	5.677e+001	1.270e-002	5.585e+001	1.249e-002	2.298e-003	5.810e+001	1.300e-002	3.986e-003	25.90	2.781e+000	50.70	7.640e+001	1.709e-002	8.941e-003	6.649e+007
32	3039.2	62.5	65.5	59.1	4.297e+009	4.399e+001	2.81	1.305e-002	4.195e+001	1.380e-002	4.135e+001	1.361e-002	1.716e-003	4.335e+001	1.426e-002	2.977e-003	27.66	2.493e+000	54.06	6.345e+001	2.088e-002	7.581e-003	8.244e+007
33	4159.1	72.8	76.0	69.6	3.555e+009	4.964e+001	3.49	1.307e-002	5.743e+001	1.381e-002	5.595e+001	1.345e-002	2.306e-003	5.850e+001	1.407e-002	4.008e-003	29.91	3.602e+000	57.21	9.195e+001	2.211e-002	1.122e-002	8.883e+007
34	3030.8	66.1	80.9	47.7	4.295e+009	4.426e+001	4.37	1.457e-002	4.565e+001	1.506e-002	4.475e+001	1.477e-002	1.683e-003	4.665e+001	1.539e-002	3.039e-003	27.85	2.445e+000	52.57	6.425e+001	2.120e-002	7.460e-003	8.210e+007
35	4532.4	78.5	88.7	65.0	4.196e+009	6.318e+001	2.93	1.318e-002	6.352e+001	1.401e-002	6.350e+001	1.401e-002	2.636e-003	6.735e+001	1.486e-002	4.597e-003	21.32	4.518e+000	40.35	8.935e+001	1.971e-002	8.150e-003	5.861e+007
36	4227.5	74.9	90.1	59.8	4.096e+009	5.792e+001	2.82	1.249e-002	5.439e+001	1.287e-002	5.290e+001	1.251e-002	2.227e-003	5.565e+001	1.316e-002	3.846e-003	30.00	2.741e+000	58.35	8.255e+001	1.953e-002	1.074e-002	8.335e+007
37	4050.2	73.9	85.5	60.3	3.595e+009	4.879e+001	3.39	1.309e-002	5.662e+001	1.398e-002	5.535e+001	1.367e-002	2.259e-003	5.890e+001	1.454e-002	3.953e-003	27.74	4.023e+000	53.06	9.300e+001	2.296e-002	1.035e-002	8.402e+007
38	2763.0	59.8	65.0	54.1	4.663e+009	4.340e+001	2.58	1.292e-002	3.969e+001	1.437e-002	4.125e+001	1.493e-002	1.611e-003	4.335e+001	1.569e-002	2.872e-003	21.84	2.379e+000	42.86	5.635e+001	2.039e-002	5.456e-003	6.525e+007
39	4794.8	80.2	91.1	67.1	3.662e+009	5.947e+001	3.46	1.341e-002	6.898e+001	1.439e-002	6.970e+001	1.454e-002	2.709e-003	7.440e+001	1.552e-002	4.796e-003	24.25	5.246e+000	46.51	1.052e+002	2.194e-002	1.045e-002	7.243e+007
40	5557.2	84.4	91.0	77.8	3.949e+009	7.432e+001	2.99	1.207e-002	7.039e+001	1.267e-002	6.950e+001	1.251e-002	2.873e-003	7.250e+001	1.305e-002	4.924e-003	26.38	4.001e+000	51.56	1.026e+002	1.846e-002	1.177e-002	7.035e+007
41	3553.8	69.6	79.7	56.8	4.102e+009	4.895e+001	2.83	1.256e-002	4.629e+001	1.302e-002	4.550e+001	1.280e-002	1.917e-003	4.710e+001	1.325e-002	3.295e-003	26.45	2.685e+000	51.25	6.660e+001	1.874e-002	7.694e-003	7.131e+007
42	2289.5	54.5	60.6	48.1	4.215e+009	3.232e+001	2.96	1.319e-002	3.203e+001	1.399e-002	3.195e+001	1.395e-002	1.308e-003	3.405e+001	1.487e-002	2.286e-003	23.66	2.304e+000	45.51	4.775e+001	2.086e-002	4.778e-003	6.859e+007
43	3853.5	74.4	87.3	56.2	4.241e+009	5.484e+001	2.86	1.291e-002	5.241e+001	1.360e-002	5.270e+001	1.368e-002	2.142e-003	5.600e+001	1.453e-002	3.754e-003	21.20	2.576e+000	40.75	6.935e+001	1.800e-002	6.638e-003	5.670e+007
44	3577.4	69.3	80.8	56.4	4.581e+009	5.546e+001	2.92	1.379e-002	5.135e+001	1.435e-002	5.115e+001	1.430e-002	2.107e-003	5.405e+001	1.511e-002	3.663e-003	16.00	1.464e+000	30.94	5.850e+001	1.635e-002	4.622e-003	4.290e+007
45	2893.7	62.9	73.3	50.2	4.400e+009	4.297e+001	2.65	1.318e-002	4.023e+001	1.390e-002	4.180e+001	1.445e-002	1.686e-003				11.29	9.305e-001	21.52	4.305e+001	1.488e-002	2.497e-003	2.857e+007
46
47	4297.4	76.1	88.2	62.0	4.260e+009	6.147e+001	2.83	1.321e-002	5.909e+001	1.375e-002	5.770e+001	1.343e-002	2.429e-003	6.045e+001	1.407e-002	4.186e-003	29.12	3.261e+000	56.79	8.955e+001	2.084e-002	1.129e-002	8.652e+007
48	4697.6	86.5	110.8	54.0	4.568e+009	7.284e+001	2.96	1.408e-002	6.950e+001	1.479e-002	6.935e+001	1.476e-002	2.792e-003	7.225e+001	1.538e-002	4.889e-003	24.71	4.464e+000	48.45	1.007e+002	2.144e-002	1.083e-002	7.676e+007
49	3873.5	72.9	87.3	56.5	4.053e+009	5.281e+001	3.04	1.358e-002	5.355e+001	1.383e-002	5.250e+001	1.355e-002	2.230e-003	5.490e+001	1.417e-002	3.790e-003	25.02	3.446e+000	48.28	7.715e+001	1.992e-002	8.362e-003	7.125e+007
50	4655.8	78.1	88.5	67.0	4.081e+009	6.388e+001	2.97	1.281e-002			6.245e+001	1.341e-002	2.574e-003	6.580e+001	1.413e-002	4.481e-003							
51	3911.7	70.8	77.0	64.7	3.446e+009	4.584e+001	4.24	1.253e-002	5.086e+001	1.300e-002	4.960e+001	1.268e-002	1.881e-003	5.065e+001	1.295e-002	3.368e-003	33.89	2.458e+000	64.84	7.870e+001	2.012e-002	1.094e-002	9.331e+007
52	3612.9	70.2	81.6	56.4	4.000e+009	4.843e+001	2.99	1.305e-002	4.992e+001	1.382e-002	4.995e+001	1.383e-002	2.039e-003	5.170e+001	1.431e-002	3.556e-003	24.49	3.074e+000	47.11	7.110e+001	1.968e-002	7.579e-003	6.896e+007
53	2746.7	59.8	64.6	54.2	4.212e+009	3.879e+001	3.06	1.360e-002	3.896e+001	1.418e-002	3.845e+001	1.400e-002	1.616e-003	4.040e+001	1.471e-002	2.788e-003	17.47	1.215e+000	32.83	4.535e+001	1.651e-002	3.759e-003	4.502e+007
54	4272.9	77.0	90.7	60.0	4.374e+009	6.310e+001	2.91	1.348e-002	6.035e+001	1.412e-002	5.995e+001	1.403e-002	2.444e-003	6.320e+001	1.479e-002	4.265e-003	24.45	3.995e+000	47.47	8.820e+001	2.064e-002	9.262e-003	7.180e+007
55	3978.3	73.0	81.7	62.0	4.335e+009	5.790e+001	3.06	1.357e-002	5.462e+001	1.373e-002	5.415e+001	1.361e-002	2.242e-003	5.550e+001	1.395e-002	3.885e-003	22.40	2.590e+000	42.79	6.995e+001	1.758e-002	7.112e-003	5.888e+007
56	3576.3	69.1	79.1	57.6	4.297e+009	5.203e+001	2.86	1.276e-002	4.868e+001	1.361e-002	4.830e+001	1.351e-002	1.984e-003	5.060e+001	1.415e-002	3.444e-003	26.14	3.181e+000	51.31	7.355e+001	2.057e-002	8.239e-003	7.651e+007
57	5492.3	85.7	100.5	69.6	3.808e+009	7.012e+001	3.36	1.286e-002	7.544e+001	1.374e-002	7.410e+001	1.349e-002	3.020e-003	7.920e+001	1.442e-002	5.292e-003	27.63	5.543e+000	52.76	1.244e+002	2.265e-002	1.377e-002	8.247e+007
58	5495.9	85.6	99.8	70.2	3.917e+009	7.320e+001	4.24	1.378e-002	7.994e+001	1.455e-002	7.890e+001	1.436e-002	2.933e-003	8.470e+001	1.541e-002	5.356e-003	24.55	4.532e+000	46.16	1.103e+002	2.007e-002	1.125e-002	6.830e+007
59	4688.5	77.6	81.3	73.4	4.232e+009	6.679e+001	2.84	1.272e-002	6.373e+001	1.359e-002	6.325e+001	1.349e-002	2.596e-003	6.645e+001	1.417e-002	4.518e-003	25.07	4.393e+000	48.75	9.605e+001	2.049e-002	1.023e-002	7.202e+007
60	5105.5	84.2	100.5	64.7	3.859e+009	6.633e+001	3.20	1.261e-002	6.782e+001	1.328e-002	6.805e+001	1.333e-002	2.704e-003	7.155e+001	1.401e-002	4.784e-003	24.27	4.042e+000	46.63	9.600e+001	1.880e-002	1.003e-002	6.491e+007
61	4636.1	80.1	94.8	62.3	3.979e+009	6.273e+001	3.40	1.321e-002	6.414e+001	1.384e-002	6.320e+001	1.363e-002	2.526e-003	6.605e+001	1.425e-002	4.437e-003	25.12	4.254e+000	48.50	9.425e+001	2.033e-002	9.949e-003	7.158e+007
62	6884.2	94.5	106.5	82.3	3.739e+009	8.665e+001	3.07	1.234e-002	9.288e+001	1.349e-002	9.420e+001	1.368e-002	3.684e-003	9.730e+001	1.413e-002	6.519e-003	26.78	6.402e+000	51.65	1.442e+002	2.095e-002	1.602e-002	7.686e+007
63	4915.6	82.0	92.9	67.4	3.818e+009	6.380e+001	4.37	1.296e-002	6.904e+001	1.405e-002	6.855e+001	1.395e-002	2.487e-003	7.180e+001	1.461e-002	4.568e-003	27.45	5.005e+000	51.77	1.078e+002	2.193e-002	1.156e-002	7.843e+007
64	3583.3	69.5	81.0	56.3	4.339e+009	5.216e+001	2.86	1.323e-002	4.951e+001	1.382e-002	4.895e+001	1.366e-002	2.027e-003	5.050e+001	1.409e-002	3.509e-003	26.37	3.037e+000	51.15	7.260e+001	2.026e-002	8.254e-003	7.582e+007
65	4358.5	74.3	77.3	71.8	3.917e+009	5.732e+001	2.80	1.201e-002	5.811e+001	1.333e-002	5.675e+001	1.302e-002	2.324e-003	6.015e+001	1.380e-002	4.068e-003	30.47	3.340e+000	59.49	9.580e+001	2.198e-002	1.216e-002	9.186e+007
66	3947.9	73.4	84.7	59.4	3.832e+009	5.058e+001	2.92	1.235e-002	4.947e+001	1.253e-002	4.860e+001	1.231e-002	2.036e-003	5.010e+001	1.269e-002	3.506e-003	29.59	2.370e+000	57.35	6.895e+001	1.747e-002	9.148e-003	7.602e+007
67	3674.6	68.8	77.7	60.2	3.892e+009	4.808e+001	3.07	1.333e-002	5.301e+001	1.443e-002	5.175e+001	1.408e-002	2.119e-003	5.630e+001	1.532e-002	3.719e-003	27.41	3.802e+000	52.97	8.730e+001	2.376e-002	9.714e-003	8.719e+007
68	4864.5	80.5	95.8	64.7	3.973e+009	6.550e+001	3.29	1.346e-002	6.828e+001	1.404e-002	6.825e+001	1.403e-002	2.720e-003	7.030e+001	1.445e-002	4.770e-003	27.03	4.081e+000	52.26	1.000e+002	2.056e-002	1.155e-002	7.893e+007
69	3257.4	68.4	82.9	50.0	4.612e+009	5.044e+001	2.83	1.375e-002	4.696e+001	1.442e-002	4.705e+001	1.444e-002	1.927e-003	4.830e+001	1.483e-002	3.344e-003	25.30	3.027e+000	48.95	6.765e+001	2.077e-002	7.414e-003	7.496e+007
70	3843.6	73.3	88.1	55.6	4.458e+009	5.756e+001	2.90	1.375e-002	5.532e+001	1.439e-002	5.500e+001	1.431e-002	2.294e-003	5.750e+001	1.496e-002	3.937e-003	22.87	4.010e+000	44.23	7.995e+001	2.080e-002	7.865e-003	6.745e+007
71	3539.3	68.3	73.7	61.1	3.219e+009	3.851e+001	3.42	1.348e-002	4.953e+001	1.399e-002	4.980e+001	1.407e-002	1.985e-003	5.235e+001	1.479e-002	3.462e-003	23.67	3.456e+000	45.13	7.200e+001	2.034e-002	7.126e-003	6.676e+007
72	3241.9	64.1	70.1	58.9	4.232e+009	4.600e+001	2.70	1.231e-002	4.200e+001	1.295e-002	4.165e+001	1.285e-002	1.748e-003	4.255e+001	1.313e-002	3.002e-003	25.72	2.147e+000	50.07	5.665e+001	1.747e-002	6.607e-003	6.704e+007
73	4309.6	76.6	91.7	59.8	3.812e+009	5.565e+001	3.26	1.309e-002	5.883e+001	1.365e-002	5.755e+001	1.335e-002	2.369e-003	5.990e+001	1.390e-002	4.076e-003	30.11	3.570e+000	58.42	9.380e+001	2.177e-002	1.166e-002	8.995e+007
74	5374.3	88.3	107.4	63.8	4.196e+009	7.601e+001	3.11	1.330e-002	7.315e+001	1.361e-002	7.190e+001	1.338e-002	2.996e-003	7.565e+001	1.408e-002	5.146e-003	25.43	4.860e+000	48.94	1.079e+002	2.007e-002	1.164e-002	7.163e+007
75	3545.2	67.1	71.4	63.1	4.298e+009	5.101e+001	2.66	1.240e-002	4.822e+001	1.360e-002	5.005e+001	1.412e-002	1.983e-003	5.115e+001	1.443e-002	3.485e-003	22.43	2.846e+000	43.51	6.715e+001	1.894e-002	6.713e-003	6.218e+007
76	2609.4	60.5	72.4	45.9	3.869e+009	3.390e+001	2.93	1.297e-002	3.550e+001	1.360e-002	3.530e+001	1.353e-002	1.460e-003	3.800e+001	1.456e-002	2.561e-003	19.14	5.986e-001	36.43	4.090e+001	1.567e-002	3.870e-003	4.885e+007
77	4724.8	81.1	97.4	61.8	4.286e+009	6.821e+001	3.04	1.350e-002	6.602e+001	1.397e-002	6.455e+001	1.366e-002	2.684e-003	6.840e+001	1.448e-002	4.657e-003	27.66	4.210e+000	53.50	1.021e+002	2.160e-002	1.183e-002	8.276e+007
78	4084.2	73.5	84.3	61.7	4.121e+009	5.650e+001	2.96	1.299e-002	5.531e+001	1.354e-002	5.435e+001	1.331e-002	2.277e-003	5.705e+001	1.397e-002	3.928e-003	26.65	3.639e+000	51.61	8.475e+001	2.075e-002	9.551e-003	7.703e+007
79	4193.5	74.7	86.9	61.5	4.010e+009	5.646e+001	3.19	1.346e-002	5.978e+001	1.425e-002	5.940e+001	1.416e-002	2.413e-003	6.475e+001	1.544e-002	4.255e-003	22.79	4.619e+000	43.54	8.990e+001	2.144e-002	8.498e-003	6.675e+007
80	4042.9	77.2	93.4	55.1	4.568e+009	6.181e+001	3.02	1.430e-002	5.966e+001	1.476e-002	5.930e+001	1.467e-002	2.460e-003	6.200e+001	1.534e-002	4.263e-003	23.78	3.807e+000	45.39	8.400e+001	2.078e-002	8.668e-003	7.041e+007
81	2483.5	59.2	71.9	43.9	4.375e+009	3.683e+001	2.86	1.377e-002	3.663e+001	1.475e-002	3.685e+001	1.484e-002	1.480e-003	3.935e+001	1.584e-002	2.609e-003	22.25	2.772e+000	43.40	5.445e+001	2.193e-002	5.115e-003	6.849e+007
82	4346.5	77.2	89.2	62.1	3.830e+009	5.624e+001	3.22	1.328e-002	5.777e+001	1.329e-002	5.700e+001	1.311e-002	2.357e-003	5.880e+001	1.353e-002	4.066e-003	26.65	2.810e+000	51.61	7.785e+001	1.791e-002	9.301e-003	7.092e+007
83	3971.6	72.1	79.3	63.7	4.415e+009	5.933e+001	2.82	1.311e-002	5.599e+001	1.410e-002	5.635e+001	1.419e-002	2.272e-003	5.845e+001	1.472e-002	3.973e-003	22.61	3.393e+000	44.29	7.735e+001	1.948e-002	7.758e-003	6.486e+007
84	4915.3	85.1	102.4	61.1	4.215e+009	7.028e+001	2.96	1.311e-002	6.641e+001	1.351e-002	6.625e+001	1.348e-002	2.709e-003	6.800e+001	1.383e-002	4.671e-003	24.49	3.773e+000	47.82	9.155e+001	1.863e-002	9.928e-003	6.722e+007
85	2160.8	52.6	57.7	47.7	4.559e+009	3.313e+001	2.77	1.398e-002	3.239e+001	1.499e-002	3.285e+001	1.520e-002	1.334e-003	3.480e+001	1.610e-002	2.337e-003	20.72	2.461e+000	39.95	4.670e+001	2.161e-002	4.123e-003	6.296e+007
86	3603.7	67.7	73.6	62.3	4.425e+009	5.332e+001	2.82	1.347e-002	5.091e+001	1.413e-002	5.060e+001	1.404e-002	2.093e-003	5.300e+001	1.471e-002	3.629e-003	25.98	3.142e+000	50.30	7.440e+001	2.065e-002	8.394e-003	7.642e+007
87	4223.8	78.9	96.4	55.8	4.246e+009	6.037e+001	3.37	1.464e-002	6.446e+001	1.526e-002	6.410e+001	1.518e-002	2.596e-003	6.775e+001	1.604e-002	4.553e-003	20.08	4.133e+000	37.78	8.600e+001	2.036e-002	7.434e-003	5.812e+007
88	4715.2	82.2	101.5	59.2	4.611e+009	7.314e+001	2.94	1.397e-002	6.838e+001	1.450e-002	6.710e+001	1.423e-002	2.808e-003	7.040e+001	1.493e-002	4.841e-003	28.45	4.180e+000	55.41	1.064e+002	2.255e-002	1.282e-002	8.974e+007
89	4918.9	80.8	90.1	69.5	4.074e+009	6.697e+001	3.15	1.340e-002	6.857e+001	1.394e-002	6.830e+001	1.389e-002	2.817e-003	7.045e+001	1.432e-002	4.877e-003	25.90	4.389e+000	49.61	1.002e+002	2.037e-002	1.108e-002	7.382e+007
90	3475.0	68.5	80.1	55.3	4.157e+009	4.812e+001	2.94	1.291e-002	4.816e+001	1.386e-002	4.875e+001	1.403e-002	1.953e-003	5.085e+001	1.463e-002	3.460e-003	23.76	3.400e+000	45.49	7.020e+001	2.020e-002	7.128e-003	6.703e+007
91	2962.2	64.2	78.9	47.8	4.416e+009	4.411e+001	2.78	1.389e-002	4.331e+001	1.462e-002	4.290e+001	1.448e-002	1.765e-003	4.555e+001	1.538e-002	3.082e-003	24.71	3.264e+000	48.23	6.660e+001	2.248e-002	6.947e-003	7.758e+007
92	3979.6	75.0	89.7	56.5	4.006e+009	5.347e+001	3.13	1.317e-002	5.330e+001	1.339e-002	5.250e+001	1.319e-002	2.165e-003	5.440e+001	1.367e-002	3.760e-003	28.07	3.216e+000	53.97	7.890e+001	1.983e-002	9.449e-003	7.813e+007
93	5209.4	85.1	102.2	64.9	3.605e+009	6.355e+001	3.29	1.311e-002	6.972e+001	1.338e-002	6.885e+001	1.322e-002	2.821e-003	7.150e+001	1.373e-002	4.910e-003	21.08	2.736e+000	40.47	8.695e+001	1.669e-002	8.370e-003	5.334e+007
94	3878.5	73.4	89.3	55.3	4.347e+009	5.710e+001	3.12	1.381e-002	5.489e+001	1.415e-002	5.450e+001	1.405e-002	2.242e-003	5.780e+001	1.490e-002	3.872e-003	19.80	3.164e+000	38.21	7.220e+001	1.862e-002	6.355e-003	5.444e+007
95	2953.0	61.5	68.8	54.6	4.164e+009	4.105e+001	2.78	1.253e-002	3.903e+001	1.322e-002	3.915e+001	1.326e-002	1.603e-003	4.130e+001	1.399e-002	2.822e-003	24.24	2.251e+000	46.77	5.460e+001	1.849e-002	5.892e-003	6.535e+007
96	3515.0	67.5	75.7	59.2	3.868e+009	4.566e+001	3.03	1.327e-002	4.884e+001	1.390e-002	4.950e+001	1.408e-002	1.996e-003	5.005e+001	1.424e-002	3.455e-003	24.05	3.070e+000	46.36	6.850e+001	1.949e-002	7.176e-003	6.727e+007
97	5018.2	85.3	107.6	59.4	4.638e+009	7.881e+001	2.79	1.348e-002	7.118e+001	1.418e-002	7.080e+001	1.411e-002	2.914e-003	7.350e+001	1.465e-002	5.015e-003	24.65	5.212e+000	48.31	1.073e+002	2.137e-002	1.125e-002	7.449e+007
98	3304.5	66.2	72.8	57.8	4.272e+009	4.768e+001	2.75	1.242e-002	4.394e+001	1.330e-002	4.465e+001	1.351e-002	1.803e-003	4.570e+001	1.383e-002	3.144e-003	16.96	8.868e-001	32.80	4.965e+001	1.502e-002	4.216e-003	4.227e+007
99	3438.8	69.7	81.1	53.9	4.564e+009	5.285e+001	2.78	1.355e-002	4.868e+001	1.416e-002	4.825e+001	1.403e-002	1.956e-003	5.145e+001	1.496e-002	3.461e-003	25.87	2.836e+000	50.35	6.975e+001	2.028e-002	7.949e-003	7.636e+007
100
Min:	2160.8	52.6	57.7	43.9	3.219e+009	3.232e+001	2.58	1.201e-002	3.203e+001	1.253e-002	3.195e+001	1.231e-002	1.308e-003	3.405e+001	1.269e-002	2.286e-003	11.29	5.986e-001	21.52	4.090e+001	1.488e-002	2.497e-003	2.857e+007
Max:	6884.2	94.5	110.8	82.3	4.663e+009	8.665e+001	4.37	1.464e-002	9.288e+001	1.526e-002	9.420e+001	1.520e-002	3.684e-003	9.730e+001	1.610e-002	6.519e-003	33.89	6.402e+000	64.84	1.442e+002	2.376e-002	1.602e-002	9.331e+007
Median:	3971.6	73.4	84.7	59.2	4.174e+009	5.501e+001	2.99	1.326e-002	5.475e+001	1.390e-002	5.435e+001	1.379e-002	2.242e-003	5.683e+001	1.440e-002	3.904e-003	12.27	3.273e+000	47.50	7.828e+001	2.016e-002	8.316e-003	7.040e+007
Mean:	4002.4	73.4	85.2	59.4	4.134e+009	5.552e+001	3.07	1.324e-002	5.539e+001	1.389e-002	5.510e+001	1.380e-002	2.247e-003	5.785e+001	1.445e-002	3.926e-003	24.47	3.298e+000	47.20	7.925e+001	1.980e-002	8.480e-003	6.964e+007
Std. Dev.:	858.9	8.3	11.5	6.9	2.766e+008	1.162e+001	0.33	5.650e-004	1.172e+001	5.504e-004	1.152e+001	5.951e-004	4.571e-004	1.211e+001	7.070e-004	7.993e-004	3.56	1.042e+000	6.97	1.914e+001	1.834e-003	2.474e-003	1.206e+007
% Premature Failure:	0.00
