RECORD	MEAN AREA	ESTIMATED_LENGTH(*)	GRADIENT(*)	EMOD(*)(#)	DECRIMPING_WORK	EXTENSION_WORK	START_X(*)	START_Y	END_X(*)	END_Y	ANALYSIS_WORK	BREAK_STRAIN(*)(#)	BREAK_LOAD	TENSILE_STRENGTH
1	4048.3	3.03E+01	1.07E-02	7.98E+07	0.00E+00	1.01E-02	7.07E+00	1.48E+02	1.61E+01	1.55E+02	1.67E-03	45.935	1.09E+00	2.69E+02
2	3400.8	3.02E+01	7.53E-03	6.70E+07	0.00E+00	5.78E-03	7.14E+00	1.34E+02	1.61E+01	1.40E+02	1.26E-03	38.525	6.66E-01	1.96E+02
3	2389.1	3.03E+01	4.73E-03	6.01E+07	0.00E+00	4.70E-03	7.03E+00	1.47E+02	1.62E+01	1.53E+02	9.92E-04	39.116	5.61E-01	2.35E+02
4	4366.5	3.02E+01	6.38E-03	4.41E+07	0.00E+00	7.54E-03	7.12E+00	1.35E+02	1.61E+01	1.39E+02	1.61E-03	38.874	8.94E-01	2.05E+02
5	2418.4	3.02E+01	4.28E-03	5.35E+07	0.00E+00	4.63E-03	7.12E+00	1.40E+02	1.61E+01	1.44E+02	9.27E-04	40.43	5.40E-01	2.23E+02
6	3899.4	3.02E+01	7.83E-03	6.07E+07	0.00E+00	1.04E-02	7.14E+00	1.43E+02	1.61E+01	1.48E+02	1.54E-03	49.107	1.03E+00	2.64E+02
7	4966.7	3.02E+01	1.11E-02	6.74E+07	0.00E+00	1.51E-02	7.06E+00	1.32E+02	1.61E+01	1.37E+02	1.80E-03	59.383	1.15E+00	2.31E+02
8	3858.1	3.00E+01	4.49E-03	3.48E+07	0.00E+00	8.46E-03	7.07E+00	1.37E+02	1.60E+01	1.41E+02	1.43E-03	47.147	8.90E-01	2.31E+02
9	4125.7	3.02E+01	1.01E-02	7.36E+07	0.00E+00	1.14E-02	7.16E+00	1.35E+02	1.62E+01	1.41E+02	1.54E-03	52.902	9.89E-01	2.40E+02
10	2705	3.01E+01	6.20E-03	6.91E+07	0.00E+00	5.43E-03	7.00E+00	1.48E+02	1.62E+01	1.55E+02	1.12E-03	39.031	6.79E-01	2.51E+02
11	2872.7	3.01E+01	6.65E-03	6.97E+07	0.00E+00	6.79E-03	7.11E+00	1.32E+02	1.61E+01	1.38E+02	1.04E-03	48.671	6.81E-01	2.37E+02
12	3927.2	3.00E+01	9.19E-03	7.01E+07	0.00E+00	1.09E-02	7.07E+00	1.34E+02	1.60E+01	1.41E+02	1.44E-03	54.154	9.96E-01	2.54E+02
13	3565.7	3.02E+01	8.13E-03	6.88E+07	0.00E+00	7.89E-03	7.15E+00	1.34E+02	1.61E+01	1.42E+02	1.33E-03	44.139	8.83E-01	2.48E+02
14	5708.7	3.01E+01	8.02E-03	4.23E+07	0.00E+00	1.26E-02	7.11E+00	1.31E+02	1.61E+01	1.35E+02	2.03E-03	46.512	1.30E+00	2.28E+02
15	3017	3.02E+01	6.58E-03	6.58E+07	0.00E+00	7.12E-03	7.10E+00	1.38E+02	1.61E+01	1.44E+02	1.14E-03	46.452	7.56E-01	2.51E+02
16	4365.8	3.05E+01	8.28E-03	5.78E+07	0.00E+00	1.18E-02	7.06E+00	1.31E+02	1.61E+01	1.37E+02	1.60E-03	52.823	1.09E+00	2.50E+02
17														
18	4819.9	3.04E+01	1.39E-02	8.76E+07	0.00E+00	7.67E-03	7.01E+00	1.31E+02	1.60E+01	1.39E+02	1.78E-03	36.187	9.59E-01	1.99E+02
19	2111.2	3.05E+01	4.79E-03	6.91E+07	0.00E+00	5.10E-03	7.06E+00	1.35E+02	1.60E+01	1.40E+02	7.87E-04	47.227	5.22E-01	2.48E+02
20	7178.9	3.01E+01	8.63E-03	3.61E+07	0.00E+00	1.32E-02	7.12E+00	1.25E+02	1.61E+01	1.28E+02	2.43E-03	43.261	1.45E+00	2.02E+02
21	6866.2	3.01E+01	1.29E-02	5.65E+07	0.00E+00	1.16E-02	7.04E+00	1.21E+02	1.62E+01	1.26E+02	2.33E-03	40.79	1.34E+00	1.95E+02
22	3234.2	3.03E+01	6.91E-03	6.47E+07	0.00E+00	8.57E-03	7.04E+00	1.40E+02	1.60E+01	1.46E+02	1.25E-03	48.563	8.93E-01	2.76E+02
23														
24	6441.7	3.00E+01	2.14E-02	9.93E+07	0.00E+00	1.36E-02	7.07E+00	1.30E+02	1.60E+01	1.41E+02	2.36E-03	44.611	1.49E+00	2.32E+02
25	3712.2	3.02E+01	1.14E-02	9.29E+07	0.00E+00	9.48E-03	7.03E+00	1.30E+02	1.60E+01	1.38E+02	1.34E-03	50.613	9.23E-01	2.49E+02
26	3826.3	3.01E+01	1.09E-02	8.61E+07	0.00E+00	8.45E-03	7.13E+00	1.33E+02	1.61E+01	1.41E+02	1.41E-03	45.753	8.93E-01	2.33E+02
27	3451.5	3.01E+01	9.63E-03	8.39E+07	0.00E+00	8.01E-03	7.05E+00	1.32E+02	1.60E+01	1.40E+02	1.26E-03	46.658	8.49E-01	2.46E+02
28	3997.7	3.03E+01	6.80E-03	5.16E+07	0.00E+00	1.02E-02	7.06E+00	1.29E+02	1.60E+01	1.34E+02	1.42E-03	51.286	9.82E-01	2.46E+02
29	3054.9	3.02E+01	1.08E-02	1.06E+08	0.00E+00	6.57E-03	7.03E+00	1.29E+02	1.60E+01	1.38E+02	1.10E-03	45.012	7.20E-01	2.36E+02
30	3957.5	3.02E+01	6.77E-03	5.16E+07	0.00E+00	1.03E-02	7.06E+00	1.34E+02	1.61E+01	1.39E+02	1.45E-03	49.901	1.03E+00	2.61E+02
31	3151.2	3.04E+01	1.20E-02	1.16E+08	0.00E+00	6.31E-03	7.01E+00	1.28E+02	1.62E+01	1.38E+02	1.16E-03	42.693	7.10E-01	2.25E+02
32	2826.8	3.02E+01	4.98E-03	5.32E+07	0.00E+00	4.37E-03	7.12E+00	1.28E+02	1.61E+01	1.33E+02	9.94E-04	36.192	5.70E-01	2.02E+02
33	5526.5	3.03E+01	1.34E-02	7.38E+07	0.00E+00	1.31E-02	7.19E+00	1.26E+02	1.62E+01	1.33E+02	1.95E-03	48.863	1.31E+00	2.36E+02
34	3199	3.03E+01	4.93E-03	4.68E+07	0.00E+00	6.38E-03	7.06E+00	1.25E+02	1.61E+01	1.30E+02	1.11E-03	43.766	7.18E-01	2.24E+02
35	4641.8	3.00E+01	1.25E-02	8.10E+07	0.00E+00	1.13E-02	7.11E+00	1.31E+02	1.61E+01	1.38E+02	1.67E-03	49.917	1.10E+00	2.37E+02
36	3015.4	3.05E+01	1.83E-02	1.85E+08	0.00E+00	7.38E-03	7.09E+00	1.26E+02	1.61E+01	1.42E+02	1.09E-03	48.605	7.42E-01	2.46E+02
37	5181.6	3.02E+01	1.18E-02	6.90E+07	0.00E+00	1.10E-02	7.05E+00	1.24E+02	1.60E+01	1.30E+02	1.77E-03	45.764	1.16E+00	2.24E+02
38	4143.7	3.04E+01	8.55E-03	6.28E+07	0.00E+00	1.14E-02	7.04E+00	1.33E+02	1.60E+01	1.39E+02	1.53E-03	52.268	1.08E+00	2.60E+02
39	3333.8	3.02E+01	7.06E-03	6.39E+07	0.00E+00	8.07E-03	7.16E+00	1.24E+02	1.61E+01	1.30E+02	1.14E-03	50.149	8.04E-01	2.41E+02
40	5028.6	3.01E+01	9.53E-03	5.70E+07	0.00E+00	9.93E-03	7.05E+00	1.27E+02	1.60E+01	1.33E+02	1.76E-03	43.365	1.12E+00	2.23E+02
41	3464.8	3.02E+01	1.05E-02	9.12E+07	0.00E+00	6.17E-03	7.12E+00	1.15E+02	1.61E+01	1.24E+02	1.12E-03	42.947	6.94E-01	2.00E+02
42	2856.8	3.01E+01	8.74E-03	9.21E+07	0.00E+00	4.19E-03	7.15E+00	1.32E+02	1.61E+01	1.40E+02	1.05E-03	33.566	5.80E-01	2.03E+02
43	3542	3.01E+01	7.66E-03	6.51E+07	0.00E+00	8.48E-03	7.04E+00	1.29E+02	1.60E+01	1.35E+02	1.26E-03	48.572	8.77E-01	2.48E+02
44	5304.6	3.00E+01	6.96E-03	3.93E+07	0.00E+00	9.16E-03	7.07E+00	1.30E+02	1.60E+01	1.33E+02	1.86E-03	40.908	1.09E+00	2.05E+02
45	3118.3	3.03E+01	1.37E-02	1.33E+08	0.00E+00	7.41E-03	7.07E+00	1.30E+02	1.61E+01	1.41E+02	1.15E-03	47.488	7.71E-01	2.47E+02
46	6412.1	3.03E+01	1.11E-02	5.25E+07	0.00E+00	1.76E-02	7.19E+00	1.18E+02	1.62E+01	1.22E+02	2.09E-03	58.094	1.40E+00	2.19E+02
47	3082.8	3.00E+01	6.54E-03	6.36E+07	0.00E+00	5.55E-03	7.07E+00	1.48E+02	1.60E+01	1.55E+02	1.25E-03	37.037	7.05E-01	2.29E+02
48	4212.7	3.04E+01	8.73E-03	6.30E+07	0.00E+00	8.00E-03	7.04E+00	1.29E+02	1.60E+01	1.35E+02	1.52E-03	40.96	9.44E-01	2.24E+02
49	2668.1	3.01E+01	5.42E-03	6.11E+07	0.00E+00	5.63E-03	7.05E+00	1.21E+02	1.60E+01	1.27E+02	8.91E-04	46.658	5.97E-01	2.24E+02
50	2719.6	3.04E+01	4.48E-03	5.01E+07	0.00E+00	5.10E-03	7.04E+00	1.27E+02	1.60E+01	1.31E+02	9.53E-04	41.519	5.96E-01	2.19E+02
51	2967.7	3.01E+01	6.35E-03	6.45E+07	0.00E+00	7.60E-03	7.00E+00	1.24E+02	1.62E+01	1.31E+02	1.04E-03	51.411	7.45E-01	2.51E+02
52	3737.4	3.01E+01	5.90E-03	4.75E+07	0.00E+00	8.34E-03	7.09E+00	1.32E+02	1.61E+01	1.37E+02	1.35E-03	45.542	9.21E-01	2.47E+02
53	4085.7	3.01E+01	9.11E-03	6.72E+07	0.00E+00	9.18E-03	7.04E+00	1.26E+02	1.60E+01	1.32E+02	1.42E-03	46.813	9.89E-01	2.42E+02
54	5574.7	3.01E+01	1.27E-02	6.83E+07	0.00E+00	1.31E-02	7.12E+00	1.31E+02	1.61E+01	1.37E+02	2.00E-03	47.554	1.37E+00	2.46E+02
55	4352.1	3.04E+01	1.40E-02	9.75E+07	0.00E+00	1.21E-02	7.08E+00	1.26E+02	1.60E+01	1.35E+02	1.55E-03	54.48	1.11E+00	2.54E+02
56	4567.3	3.02E+01	7.07E-03	4.67E+07	0.00E+00	1.28E-02	7.16E+00	1.22E+02	1.61E+01	1.26E+02	1.52E-03	56.111	1.15E+00	2.51E+02
57	3103.9	3.04E+01	7.06E-03	6.92E+07	0.00E+00	8.07E-03	7.04E+00	1.39E+02	1.60E+01	1.45E+02	1.20E-03	48.028	8.38E-01	2.70E+02
58	3821.2	3.01E+01	8.18E-03	6.44E+07	0.00E+00	8.10E-03	7.15E+00	1.30E+02	1.61E+01	1.36E+02	1.37E-03	43.868	9.42E-01	2.47E+02
59	3035.1	3.01E+01	6.42E-03	6.37E+07	0.00E+00	6.44E-03	7.02E+00	1.34E+02	1.62E+01	1.40E+02	1.14E-03	42.719	7.74E-01	2.55E+02
60	3667.6	3.00E+01	5.36E-03	4.38E+07	0.00E+00	5.25E-03	7.07E+00	1.28E+02	1.60E+01	1.32E+02	1.28E-03	35.102	6.96E-01	1.90E+02
61	7193	3.02E+01	1.45E-02	6.06E+07	0.00E+00	1.60E-02	7.06E+00	1.20E+02	1.61E+01	1.25E+02	2.39E-03	48.375	1.66E+00	2.31E+02
62	2507	3.04E+01	6.20E-03	7.52E+07	0.00E+00	4.90E-03	7.04E+00	1.29E+02	1.60E+01	1.37E+02	9.12E-04	41.716	5.60E-01	2.24E+02
63	4191.9	3.01E+01	7.49E-03	5.39E+07	0.00E+00	6.35E-03	7.13E+00	1.25E+02	1.61E+01	1.30E+02	1.44E-03	36.264	8.33E-01	1.99E+02
64	4344.5	3.01E+01	9.25E-03	6.41E+07	0.00E+00	8.89E-03	7.04E+00	1.20E+02	1.60E+01	1.25E+02	1.43E-03	46.049	9.64E-01	2.22E+02
65	3684.4	3.01E+01	6.98E-03	5.70E+07	0.00E+00	8.61E-03	7.02E+00	1.16E+02	1.62E+01	1.22E+02	1.20E-03	51.263	8.53E-01	2.31E+02
66	3375.1	3.02E+01	5.00E-03	4.47E+07	0.00E+00	8.36E-03	7.06E+00	1.25E+02	1.61E+01	1.29E+02	1.16E-03	50.862	8.31E-01	2.46E+02
67	4366.7	3.01E+01	4.82E-03	3.32E+07	0.00E+00	9.57E-03	7.04E+00	1.26E+02	1.60E+01	1.29E+02	1.49E-03	47.377	9.88E-01	2.26E+02
68	4635.9	3.02E+01	6.81E-03	4.43E+07	0.00E+00	1.32E-02	7.06E+00	1.26E+02	1.61E+01	1.30E+02	1.59E-03	55.504	1.19E+00	2.57E+02
69	2956.2	3.04E+01	6.82E-03	7.00E+07	0.00E+00	5.66E-03	7.05E+00	1.27E+02	1.60E+01	1.33E+02	1.04E-03	41.752	6.60E-01	2.23E+02
70	5164.3	3.03E+01	1.51E-02	8.83E+07	0.00E+00	1.09E-02	7.07E+00	1.30E+02	1.61E+01	1.38E+02	1.88E-03	43.424	1.23E+00	2.38E+02
71	3349.8	3.01E+01	8.08E-03	7.27E+07	0.00E+00	8.20E-03	7.13E+00	1.33E+02	1.61E+01	1.39E+02	1.23E-03	47.478	8.85E-01	2.64E+02
72	2612.6	3.00E+01	5.91E-03	6.79E+07	0.00E+00	6.02E-03	7.13E+00	1.36E+02	1.61E+01	1.43E+02	9.75E-04	45.833	6.61E-01	2.53E+02
73	4608.4	3.00E+01	1.24E-02	8.11E+07	0.00E+00	1.07E-02	7.06E+00	1.28E+02	1.60E+01	1.36E+02	1.63E-03	47.302	1.15E+00	2.49E+02
74	2224.7	3.04E+01	9.41E-03	1.29E+08	0.00E+00	5.29E-03	7.16E+00	1.33E+02	1.61E+01	1.45E+02	8.48E-04	46.813	5.41E-01	2.43E+02
75														
76	3644.2	3.01E+01	6.29E-03	5.20E+07	0.00E+00	8.57E-03	7.00E+00	1.28E+02	1.62E+01	1.33E+02	1.31E-03	48.109	9.01E-01	2.47E+02
77	2790.6	3.03E+01	7.63E-03	8.27E+07	0.00E+00	4.91E-03	7.07E+00	1.30E+02	1.61E+01	1.38E+02	1.02E-03	38.83	6.05E-01	2.17E+02
78	3193.2	3.03E+01	5.17E-03	4.90E+07	0.00E+00	7.75E-03	7.03E+00	1.30E+02	1.60E+01	1.34E+02	1.14E-03	49.141	7.80E-01	2.44E+02
79	5508.1	3.01E+01	7.82E-03	4.26E+07	0.00E+00	1.27E-02	7.12E+00	1.24E+02	1.61E+01	1.28E+02	1.86E-03	49.118	1.30E+00	2.37E+02
80	2741	3.01E+01	5.75E-03	6.31E+07	0.00E+00	6.03E-03	7.02E+00	1.25E+02	1.62E+01	1.32E+02	9.64E-04	46.609	6.51E-01	2.38E+02
81	2404	3.02E+01	4.73E-03	5.93E+07	0.00E+00	4.59E-03	7.03E+00	1.34E+02	1.60E+01	1.39E+02	8.84E-04	40.57	5.54E-01	2.31E+02
82	4183.6	3.03E+01	9.06E-03	6.55E+07	0.00E+00	8.80E-03	7.07E+00	1.25E+02	1.61E+01	1.31E+02	1.46E-03	45.373	9.49E-01	2.27E+02
83	5078.4	3.03E+01	1.13E-02	6.76E+07	0.00E+00	1.20E-02	7.07E+00	1.28E+02	1.61E+01	1.34E+02	1.81E-03	48.645	1.21E+00	2.39E+02
84	3867.3	3.01E+01	9.64E-03	7.50E+07	0.00E+00	9.32E-03	7.02E+00	1.26E+02	1.62E+01	1.33E+02	1.37E-03	49.535	9.37E-01	2.42E+02
85														
86	3995.1	3.03E+01	7.84E-03	5.95E+07	0.00E+00	8.58E-03	7.19E+00	1.23E+02	1.62E+01	1.29E+02	1.37E-03	47.346	8.74E-01	2.19E+02
87	4917.8	3.03E+01	1.90E-02	1.17E+08	0.00E+00	1.22E-02	7.19E+00	1.26E+02	1.62E+01	1.38E+02	1.76E-03	49.258	1.23E+00	2.50E+02
88	1926.2	3.00E+01	5.84E-03	9.10E+07	0.00E+00	3.39E-03	7.03E+00	1.34E+02	1.62E+01	1.43E+02	7.40E-04	37.929	4.27E-01	2.22E+02
89														
90	4368.7	3.02E+01	1.08E-02	7.48E+07	0.00E+00	6.67E-03	7.10E+00	1.23E+02	1.61E+01	1.30E+02	1.49E-03	36.783	8.57E-01	1.96E+02
91	2841.1	3.01E+01	7.49E-03	7.92E+07	0.00E+00	6.49E-03	7.16E+00	1.37E+02	1.61E+01	1.45E+02	1.08E-03	45.058	7.31E-01	2.57E+02
92	5636.9	3.01E+01	1.25E-02	6.67E+07	0.00E+00	1.47E-02	7.00E+00	1.27E+02	1.62E+01	1.33E+02	2.01E-03	51.809	1.43E+00	2.53E+02
93	3096.8	3.01E+01	7.72E-03	7.50E+07	0.00E+00	8.34E-03	7.15E+00	1.29E+02	1.61E+01	1.36E+02	1.11E-03	52.177	8.02E-01	2.59E+02
94	3992.5	3.01E+01	8.77E-03	6.62E+07	0.00E+00	1.06E-02	7.13E+00	1.29E+02	1.61E+01	1.35E+02	1.43E-03	51.958	1.03E+00	2.58E+02
95	4538.5	3.01E+01	9.81E-03	6.50E+07	0.00E+00	7.65E-03	7.02E+00	1.26E+02	1.62E+01	1.32E+02	1.60E-03	38.863	9.44E-01	2.08E+02
96														
97	5106.7	3.02E+01	1.14E-02	6.73E+07	0.00E+00	1.56E-02	7.06E+00	1.27E+02	1.61E+01	1.33E+02	1.79E-03			
98	4138.7	3.01E+01	7.19E-03	5.23E+07	0.00E+00	9.66E-03	7.00E+00	1.36E+02	1.62E+01	1.41E+02	1.57E-03	46.2	1.05E+00	2.55E+02
99	3955.2	3.00E+01	6.84E-03	5.19E+07	0.00E+00	9.45E-03	7.07E+00	1.41E+02	1.60E+01	1.46E+02	1.51E-03	46.18	1.05E+00	2.65E+02
100														