RECORD	MEAN AREA	ESTIMATED_LENGTH(*)	GRADIENT(*)	EMOD(*)(#)	DECRIMPING_WORK	EXTENSION_WORK	START_X(*)	START_Y	END_X(*)	END_Y	ANALYSIS_WORK	BREAK_STRAIN(*)(#)	BREAK_LOAD	TENSILE_STRENGTH
1	5913.6	3.03E+01	8.11E-03	4.16E+07	0.00E+00	1.41E-02	7.19E+00	1.38E+02	1.62E+01	1.41E+02	2.25E-03	48.665	1.38E+00	2.33E+02
2	5113.4	3.03E+01	1.29E-02	7.65E+07	0.00E+00	1.11E-02	7.13E+00	1.34E+02	1.61E+01	1.41E+02	1.97E-03	43.861	1.24E+00	2.42E+02
3	5206.6	3.03E+01	6.84E-03	3.98E+07	0.00E+00	1.03E-02	7.13E+00	1.33E+02	1.61E+01	1.37E+02	1.90E-03	42.885	1.17E+00	2.26E+02
4	3179.4	3.04E+01	4.94E-03	4.73E+07	0.00E+00	7.17E-03	7.04E+00	1.38E+02	1.60E+01	1.43E+02	1.22E-03	44.609	7.96E-01	2.50E+02
5														
6	5339.6	3.05E+01	1.34E-02	7.64E+07	0.00E+00	1.02E-02	7.02E+00	1.41E+02	1.60E+01	1.48E+02	2.11E-03	38.989	1.25E+00	2.34E+02
7	4140.7	3.00E+01	6.64E-03	4.80E+07	0.00E+00	9.50E-03	7.07E+00	1.47E+02	1.62E+01	1.51E+02	1.69E-03	44.811	1.06E+00	2.55E+02
8	3771	3.04E+01	5.83E-03	4.69E+07	0.00E+00	6.86E-03	7.08E+00	1.40E+02	1.61E+01	1.45E+02	1.46E-03	38.583	8.28E-01	2.20E+02
9	3920.4	3.03E+01	6.39E-03	4.94E+07	0.00E+00	9.10E-03	7.12E+00	1.44E+02	1.62E+01	1.49E+02	1.57E-03	44.199	1.03E+00	2.63E+02
10	3261.3	3.02E+01	1.49E-02	1.38E+08	0.00E+00	5.77E-03	7.08E+00	1.49E+02	1.61E+01	1.62E+02	1.39E-03	35.75	7.35E-01	2.26E+02
11	4300.8	3.04E+01	8.20E-03	5.79E+07	0.00E+00	7.34E-03	7.01E+00	1.45E+02	1.60E+01	1.51E+02	1.73E-03	35.594	8.97E-01	2.09E+02
12	3923.5	3.02E+01	8.96E-03	6.90E+07	0.00E+00	8.21E-03	7.02E+00	1.37E+02	1.60E+01	1.43E+02	1.49E-03	42.654	9.61E-01	2.45E+02
13	4422.6	3.01E+01	1.19E-02	8.11E+07	0.00E+00	8.98E-03	7.02E+00	1.31E+02	1.62E+01	1.39E+02	1.65E-03	43.118	1.03E+00	2.34E+02
14	5082.6	3.02E+01	1.55E-02	9.20E+07	0.00E+00	1.05E-02	7.18E+00	1.38E+02	1.62E+01	1.47E+02	1.98E-03	42.408	1.24E+00	2.45E+02
15														
16	4593.3	3.04E+01	1.00E-02	6.61E+07	0.00E+00	9.75E-03	7.08E+00	1.38E+02	1.61E+01	1.44E+02	1.77E-03	42.603	1.13E+00	2.46E+02
17	5208.5	3.02E+01	1.33E-02	7.72E+07	0.00E+00	1.21E-02	7.18E+00	1.36E+02	1.62E+01	1.43E+02	1.98E-03	46.642	1.29E+00	2.48E+02
18	4396.3	3.02E+01	5.72E-03	3.93E+07	0.00E+00	9.39E-03	7.03E+00	1.27E+02	1.60E+01	1.31E+02	1.53E-03	46.569	1.00E+00	2.28E+02
19	5942.1	3.00E+01	1.84E-02	9.26E+07	0.00E+00	1.31E-02	7.04E+00	1.33E+02	1.62E+01	1.42E+02	2.22E-03	46.716	1.40E+00	2.36E+02
20	4669.7	3.02E+01	1.77E-02	1.14E+08	0.00E+00	7.93E-03	7.09E+00	1.27E+02	1.61E+01	1.39E+02	1.70E-03	38.709	9.68E-01	2.07E+02
21	4783.8	3.02E+01	8.92E-03	5.63E+07	0.00E+00	8.13E-03	7.09E+00	1.35E+02	1.61E+01	1.40E+02	1.78E-03	37.881	1.01E+00	2.11E+02
22	4878.1	3.06E+01	2.14E-02	1.35E+08	0.00E+00	7.11E-03	7.05E+00	1.28E+02	1.60E+01	1.40E+02	1.79E-03	34.487	8.61E-01	1.77E+02
23	4105.5	3.02E+01	2.57E-03	1.90E+07	0.00E+00	9.18E-03	7.18E+00	1.26E+02	1.62E+01	1.28E+02	1.42E-03	48.413	9.22E-01	2.25E+02
24														
25														
26	3963.6	3.01E+01	8.74E-03	6.64E+07	0.00E+00	8.26E-03	7.13E+00	1.27E+02	1.61E+01	1.32E+02	1.39E-03			
27	3956.6	3.04E+01	7.39E-03	5.68E+07	0.00E+00	7.81E-03	7.01E+00	1.25E+02	1.60E+01	1.29E+02	1.37E-03	43.859	8.77E-01	2.22E+02
28	4243.3	3.01E+01	8.14E-03	5.78E+07	0.00E+00	9.16E-03	7.04E+00	1.28E+02	1.60E+01	1.33E+02	1.49E-03	45.817	1.02E+00	2.41E+02
29	3786.5	3.00E+01	6.64E-03	5.25E+07	0.00E+00	6.59E-03	7.07E+00	1.36E+02	1.62E+01	1.41E+02	1.43E-03	39.173	8.33E-01	2.20E+02
30	4650.8	3.02E+01	1.07E-02	6.93E+07	0.00E+00	9.35E-03	7.03E+00	1.19E+02	1.60E+01	1.25E+02	1.54E-03	45.608	1.02E+00	2.18E+02
31	5465.2	3.02E+01	4.50E-03	2.49E+07	0.00E+00	1.17E-02	7.09E+00	1.10E+02	1.61E+01	1.13E+02	1.67E-03	53.344	1.01E+00	1.84E+02
32	6427.9	3.01E+01	1.82E-02	8.51E+07	0.00E+00	1.23E-02	7.02E+00	1.19E+02	1.62E+01	1.27E+02	2.18E-03			
33	4369.2	3.02E+01	8.70E-03	6.02E+07	0.00E+00	6.52E-03	7.18E+00	1.05E+02	1.62E+01	1.10E+02	1.27E-03	40.82	7.42E-01	1.70E+02
34	3887.9	3.01E+01	5.39E-03	4.18E+07	0.00E+00	8.18E-03	7.01E+00	1.26E+02	1.60E+01	1.30E+02	1.34E-03	46.414	8.34E-01	2.15E+02
35	2296.1	3.03E+01	5.37E-03	7.09E+07	0.00E+00	5.00E-03	7.06E+00	1.29E+02	1.60E+01	1.36E+02	8.25E-04	45.694	5.30E-01	2.31E+02
36	4949.1	3.01E+01	1.87E-02	1.14E+08	0.00E+00	6.73E-03	7.07E+00	1.04E+02	1.60E+01	1.14E+02	1.47E-03	37.928	8.19E-01	1.65E+02
37														
38	7778.3	3.01E+01	1.37E-02	5.29E+07	0.00E+00	1.56E-02	7.00E+00	1.21E+02	1.62E+01	1.26E+02	2.64E-03			
39														
40														
41														
42														
43	3436	3.02E+01	7.81E-03	6.85E+07	0.00E+00	6.52E-03	7.10E+00	1.23E+02	1.61E+01	1.29E+02	1.17E-03	42.971	7.32E-01	2.13E+02
44	3770.3	3.05E+01	1.53E-02	1.24E+08	0.00E+00	7.08E-03	7.06E+00	1.26E+02	1.61E+01	1.38E+02	1.37E-03	41.319	7.78E-01	2.06E+02
45	3685.9	3.01E+01	6.90E-03	5.63E+07	0.00E+00	7.33E-03	7.05E+00	1.28E+02	1.60E+01	1.33E+02	1.29E-03	43.365	8.09E-01	2.20E+02
46	1614	3.06E+01	8.21E-03	1.56E+08	0.00E+00	3.19E-03	7.16E+00	1.26E+02	1.62E+01	1.41E+02	5.91E-04	40.896	3.78E-01	2.34E+02
47														
48														
49	2825.9	3.03E+01	9.98E-03	1.07E+08	0.00E+00	6.75E-03	7.03E+00	1.15E+02	1.60E+01	1.25E+02	9.18E-04	53.005	5.82E-01	2.06E+02
50	2919.6	3.03E+01	4.36E-03	4.52E+07	0.00E+00	6.38E-03	7.04E+00	1.31E+02	1.60E+01	1.34E+02	1.05E-03	46.449	6.57E-01	2.25E+02
51	2192	3.06E+01	5.09E-03	7.09E+07	0.00E+00	5.92E-03	7.07E+00	1.41E+02	1.60E+01	1.47E+02	8.65E-04	50.229	5.41E-01	2.47E+02
52	4366.7	3.03E+01	7.80E-03	5.41E+07	0.00E+00	9.90E-03	7.13E+00	1.38E+02	1.61E+01	1.43E+02	1.66E-03	45.791	1.03E+00	2.35E+02
53														
54														
55														
56														
57														
58	2790	3.03E+01	1.47E-02	1.59E+08	0.00E+00	5.96E-03	7.00E+00	1.47E+02	1.62E+01	1.62E+02	1.21E-03	40.667	6.84E-01	2.45E+02
59	4778.8	3.02E+01	1.42E-02	8.93E+07	0.00E+00	1.01E-02	7.07E+00	1.33E+02	1.61E+01	1.42E+02	1.79E-03			
60	3854.4	3.01E+01	2.38E-02	1.86E+08	0.00E+00	8.58E-03	7.11E+00	1.23E+02	1.61E+01	1.41E+02	1.40E-03	48.439	8.13E-01	2.11E+02
61	2883.8	3.01E+01	5.36E-03	5.60E+07	0.00E+00	6.74E-03	7.00E+00	1.41E+02	1.62E+01	1.46E+02	1.14E-03	46.167	6.89E-01	2.39E+02
62	4987.4	3.02E+01	9.08E-03	5.49E+07	0.00E+00	4.35E-03	7.06E+00	1.32E+02	1.60E+01	1.38E+02	1.82E-03	22.804	7.32E-01	1.47E+02
63	4200.9	3.00E+01	3.79E-03	2.71E+07	0.00E+00	9.88E-03	7.07E+00	1.51E+02	1.62E+01	1.54E+02	1.74E-03	45.979	1.03E+00	2.45E+02
64	3251.3	3.00E+01	8.52E-03	7.87E+07	0.00E+00	7.09E-03	7.16E+00	1.38E+02	1.61E+01	1.45E+02	1.24E-03	44.874	7.10E-01	2.18E+02
65	2515.8	3.04E+01	6.69E-03	8.07E+07	0.00E+00	6.61E-03	7.08E+00	1.37E+02	1.61E+01	1.46E+02	9.74E-04	50.313	6.11E-01	2.43E+02
66	4092.9	3.02E+01	8.89E-03	6.56E+07	0.00E+00	9.42E-03	7.16E+00	1.36E+02	1.62E+01	1.42E+02	1.54E-03	47.069	9.41E-01	2.30E+02
67														
68														
69														
70														
71														
72	3162.4	3.04E+01	6.31E-03	6.06E+07	0.00E+00	7.16E-03	7.01E+00	1.34E+02	1.60E+01	1.39E+02	1.17E-03	46.724	7.09E-01	2.24E+02
73														
74														
75														
76														
77	2968.2	3.02E+01	4.19E-03	4.26E+07	0.00E+00	7.27E-03	7.16E+00	1.47E+02	1.62E+01	1.51E+02	1.20E-03	47.084	7.15E-01	2.41E+02
78	5602	3.01E+01	1.95E-02	1.05E+08	0.00E+00	1.86E-02	7.05E+00	1.40E+02	1.60E+01	1.50E+02	2.20E-03	59.661	1.45E+00	2.59E+02
79														
80	2857.1	3.02E+01	5.74E-03	6.06E+07	0.00E+00	6.56E-03	7.03E+00	1.41E+02	1.60E+01	1.47E+02	1.11E-03	45.409	6.83E-01	2.39E+02
81														
82														
83	4467.2	3.01E+01	1.76E-02	1.19E+08	0.00E+00	7.70E-03	7.00E+00	1.31E+02	1.62E+01	1.42E+02	1.67E-03	38.633	9.09E-01	2.04E+02
84	4118.2	3.00E+01	1.09E-02	7.92E+07	0.00E+00	1.03E-02	7.14E+00	1.44E+02	1.61E+01	1.51E+02	1.63E-03			
85	4178.6	3.00E+01	6.97E-03	5.00E+07	0.00E+00	1.12E-02	7.04E+00	1.45E+02	1.61E+01	1.49E+02	1.67E-03	51.768	1.04E+00	2.48E+02
86														
87	4717.1	3.01E+01	1.32E-02	8.41E+07	0.00E+00	1.33E-02	7.12E+00	1.41E+02	1.61E+01	1.50E+02	1.86E-03			
88														
89	2779.8	3.01E+01	4.67E-03	5.06E+07	0.00E+00	7.23E-03	7.11E+00	1.47E+02	1.61E+01	1.52E+02	1.12E-03	49.236	6.61E-01	2.38E+02
90														
91														
92														
93														
94	3893.8	3.04E+01	8.81E-03	6.87E+07	0.00E+00	9.25E-03	7.01E+00	1.33E+02	1.60E+01	1.40E+02	1.45E-03	48.271	9.07E-01	2.33E+02
95	6690.3	3.00E+01	1.23E-02	5.50E+07	0.00E+00	1.12E-02	7.07E+00	1.40E+02	1.62E+01	1.44E+02	2.59E-03	38.172	1.34E+00	2.00E+02
96	3989.6	3.02E+01	7.34E-03	5.56E+07	0.00E+00	1.08E-02	7.12E+00	1.47E+02	1.61E+01	1.54E+02	1.63E-03	49.536	1.05E+00	2.64E+02
97	3374.6	3.03E+01	7.86E-03	7.06E+07	0.00E+00	7.75E-03	7.06E+00	1.38E+02	1.60E+01	1.45E+02	1.30E-03	45.892	7.90E-01	2.34E+02
98	2466.8	3.02E+01	8.81E-03	1.08E+08	0.00E+00	5.60E-03	7.03E+00	1.34E+02	1.60E+01	1.46E+02	9.46E-04	46.536	5.65E-01	2.29E+02
99	4230.6	3.01E+01	1.08E-02	7.71E+07	0.00E+00	9.05E-03	7.07E+00	1.37E+02	1.60E+01	1.45E+02	1.61E-03			
100														