RECORD	MEAN AREA	ESTIMATED_LENGTH(*)	GRADIENT(*)	EMOD(*)(#)	DECRIMPING_WORK	EXTENSION_WORK	START_X(*)	START_Y	END_X(*)	END_Y	ANALYSIS_WORK	BREAK_STRAIN(*)(#)	BREAK_LOAD	TENSILE_STRENGTH
1	3201.1	3.05E+01	6.58E-03	6.26E+07	0.00E+00	7.23E-03	7.02E+00	1.48E+02	1.60E+01	1.54E+02	1.32E-03	42.829	7.89E-01	2.47E+02
2														
3														
4	3251.3	3.08E+01	6.93E-03	6.56E+07	0.00E+00	8.47E-03	7.01E+00	1.41E+02	1.61E+01	1.47E+02	1.31E-03	50.195	7.53E-01	2.32E+02
5														
6	5374.7	3.00E+01	9.35E-03	5.22E+07	0.00E+00	1.49E-02	7.06E+00	1.28E+02	1.60E+01	1.33E+02	1.89E-03	56.976	1.21E+00	2.25E+02
7	6864.6	3.02E+01	2.27E-02	1.00E+08	0.00E+00	1.31E-02	7.02E+00	1.31E+02	1.60E+01	1.40E+02	2.53E-03			
8	3719.1	3.04E+01	6.82E-03	5.57E+07	0.00E+00	9.19E-03	7.18E+00	1.37E+02	1.62E+01	1.42E+02	1.42E-03	49.572	8.54E-01	2.30E+02
9														
10	2498.8	3.02E+01	4.57E-03	5.53E+07	0.00E+00	5.17E-03	7.16E+00	1.33E+02	1.62E+01	1.37E+02	9.12E-04	44.367	5.42E-01	2.17E+02
11	3586.2	3.01E+01	1.28E-02	1.08E+08	0.00E+00	5.00E-03	7.13E+00	1.16E+02	1.61E+01	1.26E+02	1.17E-03	34.34	6.60E-01	1.84E+02
12														
13														
14														
15														
16	3052.3	3.02E+01	8.09E-03	8.00E+07	0.00E+00	7.73E-03	7.09E+00	1.31E+02	1.61E+01	1.37E+02	1.11E-03	51.623	6.53E-01	2.14E+02
17														
18	5062.2	3.04E+01	8.78E-03	5.28E+07	0.00E+00	1.54E-02	7.04E+00	1.35E+02	1.60E+01	1.39E+02	1.89E-03	56.87	1.32E+00	2.61E+02
19														
20	4084.3	3.01E+01	8.68E-03	6.39E+07	0.00E+00	1.14E-02	7.05E+00	1.38E+02	1.60E+01	1.44E+02	1.56E-03	53.642	9.96E-01	2.44E+02
21														
22														
23	2553.8	3.02E+01	3.47E-03	4.10E+07	0.00E+00	6.72E-03	7.12E+00	1.40E+02	1.61E+01	1.44E+02	9.84E-04	51.275	6.08E-01	2.38E+02
24	4320.1	3.03E+01	7.59E-03	5.31E+07	0.00E+00	1.06E-02	7.11E+00	1.41E+02	1.61E+01	1.46E+02	1.68E-03			
25	3633.3	3.06E+01	9.86E-03	8.29E+07	0.00E+00	7.51E-03	7.07E+00	1.33E+02	1.60E+01	1.41E+02	1.37E-03	43.703	7.89E-01	2.17E+02
26														
27														
28														
29	4988.7	3.03E+01	8.69E-03	5.28E+07	0.00E+00	6.81E-03	7.13E+00	1.01E+02	1.61E+01	1.06E+02	1.41E-03	39.815	7.74E-01	1.55E+02
30	3785	3.00E+01	6.46E-03	5.12E+07	0.00E+00	6.16E-03	7.10E+00	1.17E+02	1.60E+01	1.22E+02	1.22E-03			
31	3333.6	3.03E+01	8.47E-03	7.70E+07	0.00E+00	4.82E-03	7.10E+00	1.03E+02	1.61E+01	1.10E+02	9.63E-04	39.967	5.72E-01	1.72E+02
32	2747.2	3.03E+01	8.37E-03	9.22E+07	0.00E+00	1.33E-02	7.11E+00	2.55E+02	1.61E+01	2.63E+02	1.92E-03	51.372	1.21E+00	4.39E+02
33	5557.4	3.02E+01	8.93E-03	4.85E+07	0.00E+00	9.11E-03	7.06E+00	8.19E+01	1.61E+01	8.62E+01	1.26E-03	52.42	8.33E-01	1.50E+02
34														
35														
36														
37														
38	5709.1	3.03E+01	5.17E-03	2.75E+07	0.00E+00	7.71E-03	7.13E+00	7.17E+01	1.61E+01	7.42E+01	1.13E-03	50.413	7.26E-01	1.27E+02
39														
40	4596.6	3.03E+01	2.00E-02	1.32E+08	0.00E+00	1.45E-02	7.02E+00	1.63E+02	1.62E+01	1.75E+02	2.16E-03	51.566	1.17E+00	2.54E+02
41														
42	3441.1	3.02E+01	7.07E-03	6.20E+07	0.00E+00	9.62E-03	7.03E+00	1.55E+02	1.60E+01	1.61E+02	1.47E-03			
43														
44	4473.7	3.05E+01	3.79E-03	2.59E+07	0.00E+00	9.43E-03	7.15E+00	1.29E+02	1.61E+01	1.32E+02	1.59E-03	46.769	8.95E-01	2.00E+02
45	4295.2	3.09E+01	1.12E-02	8.09E+07	0.00E+00	1.11E-02	7.15E+00	1.25E+02	1.60E+01	1.32E+02	1.50E-03	53.202	9.71E-01	2.26E+02
46														
47														
48	5430.4	3.03E+01	5.12E-03	2.86E+07	0.00E+00	9.64E-03	7.06E+00	8.87E+01	1.60E+01	9.11E+01	1.32E-03	53.58	8.60E-01	1.58E+02
49														
50														
51														
52														
53	4700.1	3.03E+01	6.85E-03	4.41E+07	0.00E+00	9.90E-03	7.07E+00	1.24E+02	1.61E+01	1.28E+02	1.60E-03			
54	4193.1	3.06E+01	7.25E-03	5.29E+07	0.00E+00	9.28E-03	7.16E+00	1.34E+02	1.62E+01	1.38E+02	1.55E-03	44.753	1.00E+00	2.39E+02
55														
56	4376.9	3.05E+01	6.03E-03	4.20E+07	0.00E+00	1.12E-02	7.17E+00	1.21E+02	1.61E+01	1.25E+02	1.46E-03	54.715	8.92E-01	2.04E+02
57	3994.6	3.07E+01	5.18E-03	3.97E+07	0.00E+00	1.11E-02	7.15E+00	1.28E+02	1.61E+01	1.32E+02	1.42E-03	55.693	9.18E-01	2.30E+02
58														
59														
60	4478.2	3.02E+01	5.38E-03	3.62E+07	0.00E+00	1.18E-02	7.03E+00	1.40E+02	1.60E+01	1.42E+02	1.70E-03	51.011	1.10E+00	2.45E+02
61														
62	4738.3	3.01E+01	5.81E-03	3.68E+07	0.00E+00	7.56E-03	7.12E+00	7.61E+01	1.61E+01	7.96E+01	9.89E-04	54.709	6.78E-01	1.43E+02
63	4151.1	3.02E+01	9.20E-03	6.70E+07	0.00E+00	9.69E-03	7.05E+00	1.37E+02	1.60E+01	1.42E+02	1.56E-03	47.088	9.59E-01	2.31E+02
64														
65	4479.4	3.01E+01	2.61E-03	1.75E+07	0.00E+00	5.22E-03	7.13E+00	6.69E+01	1.61E+01	6.87E+01	8.18E-04	48.275	5.06E-01	1.13E+02
66	4525.7	3.05E+01	4.47E-03	3.01E+07	0.00E+00	9.88E-03	7.18E+00	1.20E+02	1.62E+01	1.23E+02	1.49E-03	49.459	9.38E-01	2.07E+02
67														
68														
69														
70	5828.6	3.00E+01	9.83E-03	5.06E+07	0.00E+00	8.37E-03	7.06E+00	7.68E+01	1.60E+01	8.14E+01	1.25E-03	49.833	8.11E-01	1.39E+02
71	2938.7	3.04E+01	1.32E-02	1.36E+08	0.00E+00	9.29E-03	7.05E+00	1.52E+02	1.60E+01	1.64E+02	1.26E-03	52.914	8.37E-01	2.85E+02
72	3323.8	3.04E+01	1.31E-02	1.20E+08	0.00E+00	1.09E-02	7.13E+00	1.78E+02	1.61E+01	1.91E+02	1.68E-03	48.127	1.02E+00	3.06E+02
73	3361.1	3.07E+01	4.81E-03	4.40E+07	0.00E+00	6.62E-03	7.13E+00	1.04E+02	1.61E+01	1.08E+02	9.77E-04	50.244	6.21E-01	1.85E+02
74	4838.1	3.04E+01	7.64E-03	4.81E+07	0.00E+00	9.96E-03	7.04E+00	1.29E+02	1.60E+01	1.34E+02	1.73E-03	44.97	1.02E+00	2.12E+02
75	2466.8	3.04E+01	5.79E-03	7.13E+07	0.00E+00	4.91E-03	7.05E+00	2.44E+02	1.60E+01	2.51E+02	1.65E-03	27.165	6.73E-01	2.73E+02
76														
77														
78	3958.4	3.02E+01	5.19E-03	3.96E+07	0.00E+00	1.19E-02	7.16E+00	1.46E+02	1.62E+01	1.50E+02	1.58E-03	54.639	1.06E+00	2.68E+02
79	4210.5	3.04E+01	5.60E-03	4.04E+07	0.00E+00	9.26E-03	7.04E+00	1.19E+02	1.60E+01	1.23E+02	1.39E-03	49.573	8.78E-01	2.08E+02
80														
81	3338.5	3.01E+01	9.95E-03	8.97E+07	0.00E+00	1.32E-02	7.01E+00	2.17E+02	1.62E+01	2.25E+02	2.03E-03	48.92	1.32E+00	3.96E+02
82	3727.5	3.01E+01	1.34E-02	1.09E+08	0.00E+00	9.84E-03	7.11E+00	1.38E+02	1.61E+01	1.48E+02	1.46E-03	50.997	8.95E-01	2.40E+02
83	4384.1	3.02E+01	5.49E-03	3.78E+07	0.00E+00	9.54E-03	7.03E+00	9.60E+01	1.60E+01	9.98E+01	1.17E-03	57.773	7.66E-01	1.75E+02
84														
85	4090.9	3.04E+01	1.42E-02	1.06E+08	0.00E+00	1.35E-02	7.13E+00	1.60E+02	1.61E+01	1.70E+02	1.86E-03			
86	3259.9	3.07E+01	7.33E-03	6.91E+07	0.00E+00	8.13E-03	7.06E+00	1.56E+02	1.62E+01	1.62E+02	1.44E-03	42.941	9.09E-01	2.79E+02
87														
88														
89	4383.1	3.02E+01	7.05E-03	4.86E+07	0.00E+00	7.04E-03	7.01E+00	9.38E+01	1.62E+01	9.85E+01	1.16E-03	47.024	7.28E-01	1.66E+02
90	5621.3	3.04E+01	6.36E-03	3.44E+07	0.00E+00	1.29E-02	7.13E+00	9.08E+01	1.62E+01	9.43E+01	1.43E-03	62.878	9.68E-01	1.72E+02
91														
92	3002.1	3.03E+01	4.15E-03	4.19E+07	0.00E+00	5.66E-03	7.02E+00	1.27E+02	1.62E+01	1.31E+02	1.07E-03	42.532	6.27E-01	2.09E+02
93	3896	3.08E+01	6.83E-03	5.40E+07	0.00E+00	9.40E-03	7.18E+00	1.31E+02	1.61E+01	1.36E+02	1.43E-03	48.279	9.37E-01	2.41E+02
94	4019.4	3.02E+01	1.29E-02	9.71E+07	0.00E+00	1.25E-02	7.16E+00	1.63E+02	1.61E+01	1.72E+02	1.83E-03	50.911	1.16E+00	2.90E+02
95	2698.2	3.07E+01	7.57E-03	8.62E+07	0.00E+00	1.20E-02	7.03E+00	2.17E+02	1.61E+01	2.25E+02	1.66E-03	53.513	1.01E+00	3.74E+02
96														
97	4805	3.01E+01	3.49E-03	2.19E+07	0.00E+00	1.23E-02	7.08E+00	1.76E+02	1.61E+01	1.80E+02	2.31E-03	42.833	1.32E+00	2.74E+02
98	4665.9	3.00E+01	1.22E-03	7.83E+06	0.00E+00	9.50E-03	7.07E+00	1.05E+02	1.60E+01	1.06E+02	1.31E-03	54.354	8.83E-01	1.89E+02
99														
100	6307.1	3.04E+01	2.70E-03	1.30E+07	0.00E+00	8.29E-03	7.08E+00	7.17E+01	1.60E+01	7.30E+01	1.24E-03	51.021	7.47E-01	1.18E+02