RECORD	MEAN AREA	ESTIMATED_LENGTH(*)	GRADIENT(*)	EMOD(*)(#)	DECRIMPING_WORK	EXTENSION_WORK	START_X(*)	START_Y	END_X(*)	END_Y	ANALYSIS_WORK	BREAK_STRAIN(*)(#)	BREAK_LOAD	TENSILE_STRENGTH
1	5232.3	3.04E+01	8.89E-03	5.16E+07	0.00E+00	1.04E-02	7.12E+00	1.34E+02	1.61E+01	1.39E+02	1.95E-03	42.622	1.16E+00	2.21E+02
2	2435.9	3.02E+01	4.66E-03	5.77E+07	0.00E+00	4.84E-03	7.03E+00	1.41E+02	1.62E+01	1.46E+02	9.56E-04	40.921	5.57E-01	2.29E+02
3	3613.4	3.02E+01	6.48E-03	5.42E+07	0.00E+00	7.76E-03	7.14E+00	1.42E+02	1.61E+01	1.48E+02	1.41E-03	42.394	8.91E-01	2.47E+02
4	6464.9	3.01E+01	1.09E-02	5.08E+07	0.00E+00	1.60E-02	7.11E+00	1.27E+02	1.61E+01	1.31E+02	2.24E-03	52.109	1.49E+00	2.31E+02
5														
6	4917.9	3.02E+01	9.94E-03	6.10E+07	0.00E+00	1.35E-02	7.10E+00	1.32E+02	1.61E+01	1.37E+02	1.79E-03	53.813	1.23E+00	2.49E+02
7	3029.5	3.02E+01	4.15E-03	4.13E+07	0.00E+00	6.08E-03	7.16E+00	1.32E+02	1.62E+01	1.36E+02	1.09E-03	43.591	6.64E-01	2.19E+02
8														
9	4648.3	3.05E+01	1.83E-02	1.20E+08	0.00E+00	9.62E-03	7.16E+00	1.26E+02	1.62E+01	1.38E+02	1.70E-03	44.893	1.01E+00	2.16E+02
10	4703.4	3.02E+01	4.68E-03	3.01E+07	0.00E+00	8.13E-03	7.14E+00	1.34E+02	1.61E+01	1.36E+02	1.71E-03	39.087	9.27E-01	1.97E+02
11														
12	3918.1	3.01E+01	8.60E-03	6.62E+07	0.00E+00	1.00E-02	7.03E+00	1.35E+02	1.62E+01	1.42E+02	1.49E-03	49.867	9.95E-01	2.54E+02
13	2839.5	3.04E+01	1.04E-02	1.12E+08	0.00E+00	5.89E-03	7.01E+00	1.27E+02	1.62E+01	1.38E+02	1.06E-03	44.042	6.48E-01	2.28E+02
14	4618.3	3.06E+01	1.19E-02	7.91E+07	0.00E+00	9.52E-03	7.12E+00	1.25E+02	1.61E+01	1.32E+02	1.63E-03	45.458	9.88E-01	2.14E+02
15	3243.4	3.01E+01	4.75E-03	4.41E+07	0.00E+00	7.05E-03	7.11E+00	1.28E+02	1.60E+01	1.32E+02	1.13E-03	46.662	7.28E-01	2.24E+02
16	5492	3.00E+01	7.68E-03	4.20E+07	0.00E+00	1.32E-02	7.03E+00	1.32E+02	1.62E+01	1.36E+02	2.01E-03	48.984	1.36E+00	2.48E+02
17	3919.4	3.02E+01	6.64E-03	5.11E+07	0.00E+00	9.44E-03	7.13E+00	1.26E+02	1.61E+01	1.31E+02	1.36E-03	50.149	8.94E-01	2.28E+02
18	3953.8	3.02E+01	5.43E-03	4.14E+07	0.00E+00	8.40E-03	7.03E+00	1.35E+02	1.60E+01	1.38E+02	1.45E-03	44.4	9.26E-01	2.34E+02
19	3441.4	3.00E+01	1.10E-02	9.62E+07	0.00E+00	5.95E-03	7.06E+00	1.28E+02	1.60E+01	1.37E+02	1.22E-03	38.928	7.36E-01	2.14E+02
20														
21	4883.3	3.03E+01	7.96E-03	4.94E+07	0.00E+00	1.16E-02	7.06E+00	1.35E+02	1.60E+01	1.39E+02	1.81E-03	47.955	1.18E+00	2.41E+02
22	3520.6	3.00E+01	9.03E-03	7.69E+07	0.00E+00	8.89E-03	7.04E+00	1.44E+02	1.61E+01	1.50E+02	1.41E-03	49.183	9.00E-01	2.56E+02
23	4495.2	3.03E+01	8.68E-03	5.84E+07	0.00E+00	8.37E-03	7.07E+00	1.26E+02	1.61E+01	1.32E+02	1.57E-03	41.904	9.52E-01	2.12E+02
24	4988.1	3.00E+01	1.30E-02	7.82E+07	0.00E+00	1.06E-02	7.07E+00	1.32E+02	1.62E+01	1.39E+02	1.84E-03	45.197	1.15E+00	2.30E+02
25	3746.7	3.02E+01	1.09E-02	8.80E+07	0.00E+00	9.24E-03	7.14E+00	1.38E+02	1.61E+01	1.47E+02	1.45E-03	46.825	9.95E-01	2.66E+02
26	3610.6	3.04E+01	6.50E-03	5.47E+07	0.00E+00	9.16E-03	7.04E+00	1.34E+02	1.60E+01	1.39E+02	1.34E-03	49.803	8.94E-01	2.48E+02
27	6202.2	3.02E+01	6.96E-03	3.38E+07	0.00E+00	1.56E-02	7.13E+00	1.25E+02	1.61E+01	1.28E+02	2.12E-03	53.068	1.45E+00	2.33E+02
28	5660.5	3.03E+01	1.25E-02	6.67E+07	0.00E+00	1.37E-02	7.13E+00	1.32E+02	1.61E+01	1.39E+02	2.08E-03	48.449	1.40E+00	2.47E+02
29	4202.4	3.02E+01	8.14E-03	5.84E+07	0.00E+00	5.95E-03	7.06E+00	1.29E+02	1.60E+01	1.34E+02	1.50E-03	34.007	7.74E-01	1.84E+02
30	3459.8	3.04E+01	1.32E-02	1.16E+08	0.00E+00	7.91E-03	7.01E+00	1.32E+02	1.62E+01	1.43E+02	1.33E-03	46.511	8.16E-01	2.36E+02
31	5335.5	3.02E+01	7.83E-03	4.42E+07	0.00E+00	1.31E-02	7.10E+00	1.37E+02	1.61E+01	1.41E+02	1.99E-03	47.779	1.35E+00	2.53E+02
32	5656.5	3.03E+01	8.53E-03	4.56E+07	0.00E+00	1.26E-02	7.07E+00	1.32E+02	1.61E+01	1.37E+02	2.06E-03	45.77	1.35E+00	2.39E+02
33	3356.2	3.03E+01	6.65E-03	6.02E+07	0.00E+00	6.16E-03	7.15E+00	1.29E+02	1.62E+01	1.35E+02	1.20E-03	40.541	7.33E-01	2.18E+02
34	3439.8	3.03E+01	1.57E-02	1.38E+08	0.00E+00	6.25E-03	7.13E+00	1.31E+02	1.61E+01	1.43E+02	1.28E-03	39.208	7.58E-01	2.21E+02
35	3118.5	3.04E+01	5.21E-03	5.07E+07	0.00E+00	7.26E-03	7.08E+00	1.30E+02	1.61E+01	1.35E+02	1.12E-03	47.958	7.19E-01	2.30E+02
36	2818.2	3.02E+01	5.61E-03	6.00E+07	0.00E+00	6.24E-03	7.06E+00	1.34E+02	1.60E+01	1.41E+02	1.04E-03	45.409	6.21E-01	2.20E+02
37	3152.7	3.02E+01	6.23E-03	5.97E+07	0.00E+00	6.83E-03	7.14E+00	1.34E+02	1.61E+01	1.40E+02	1.17E-03	44.312	7.66E-01	2.43E+02
38	4470.3	3.02E+01	1.03E-02	6.93E+07	0.00E+00	9.20E-03	7.14E+00	1.28E+02	1.61E+01	1.34E+02	1.59E-03	44.478	9.80E-01	2.19E+02
39	2618.7	3.00E+01	3.43E-03	3.93E+07	0.00E+00	6.91E-03	7.00E+00	1.51E+02	1.61E+01	1.54E+02	1.09E-03	48.249	7.00E-01	2.67E+02
40	4132.6	3.02E+01	9.77E-03	7.14E+07	0.00E+00	9.48E-03	7.16E+00	1.32E+02	1.62E+01	1.39E+02	1.52E-03	46.903	9.94E-01	2.41E+02
41	4123.3	3.00E+01	6.56E-03	4.77E+07	0.00E+00	8.27E-03	7.04E+00	1.49E+02	1.61E+01	1.53E+02	1.69E-03	40.247	9.80E-01	2.38E+02
42	3970.4	3.00E+01	3.80E-03	2.87E+07	0.00E+00	9.82E-03	7.00E+00	1.48E+02	1.61E+01	1.50E+02	1.62E-03	47.082	1.04E+00	2.63E+02
43	3576.4	3.00E+01	5.59E-03	4.68E+07	0.00E+00	7.97E-03	7.00E+00	1.47E+02	1.61E+01	1.52E+02	1.46E-03	44.148	8.49E-01	2.37E+02
44	3971.5	3.00E+01	1.04E-02	7.88E+07	0.00E+00	9.88E-03	7.00E+00	1.45E+02	1.61E+01	1.52E+02	1.62E-03	47.249	1.05E+00	2.64E+02
45	3617.1	3.00E+01	1.20E-03	9.97E+06	0.00E+00	6.27E-03	7.00E+00	1.24E+02	1.61E+01	1.27E+02	1.25E-03	41.447	7.22E-01	2.00E+02
46	4506.5	3.00E+01	4.48E-03	2.98E+07	0.00E+00	1.18E-02	7.00E+00	1.55E+02	1.61E+01	1.57E+02	1.92E-03	48.816	1.15E+00	2.55E+02
47	3453.1	3.00E+01	6.13E-03	5.32E+07	0.00E+00	1.14E-02	7.17E+00	1.73E+02	1.61E+01	1.77E+02	1.62E-03	52.467	1.03E+00	2.99E+02
48	3154.3	3.00E+01	4.83E-03	4.59E+07	0.00E+00	6.30E-03	7.00E+00	1.46E+02	1.61E+01	1.51E+02	1.28E-03	41	7.34E-01	2.33E+02
49	2598	3.04E+01	6.06E-03	7.10E+07	0.00E+00	5.99E-03	7.04E+00	1.34E+02	1.60E+01	1.40E+02	9.73E-04	46.318	6.38E-01	2.46E+02
50	3655.4	3.00E+01	6.92E-03	5.68E+07	0.00E+00	1.09E-02	7.00E+00	1.58E+02	1.61E+01	1.63E+02	1.60E-03	51.751	1.00E+00	2.74E+02
51	5036.7	3.00E+01	1.20E-02	7.17E+07	0.00E+00	1.51E-02	7.00E+00	1.45E+02	1.61E+01	1.52E+02	2.05E-03	55.052	1.33E+00	2.65E+02
52	4729.2	3.00E+01	1.30E-02	8.25E+07	0.00E+00	1.21E-02	7.00E+00	1.37E+02	1.61E+01	1.45E+02	1.85E-03	49.783	1.22E+00	2.57E+02
53	5559.2	3.02E+01	7.92E-03	4.31E+07	0.00E+00	1.05E-02	7.14E+00	1.22E+02	1.61E+01	1.27E+02	1.88E-03	43.353	1.19E+00	2.14E+02
54	5091.7	3.00E+01	7.66E-03	4.52E+07	0.00E+00	1.25E-02	7.13E+00	1.38E+02	1.61E+01	1.42E+02	1.91E-03	48.567	1.28E+00	2.52E+02
55	3901.9	3.00E+01	3.98E-03	3.06E+07	0.00E+00	9.46E-03	7.07E+00	1.49E+02	1.60E+01	1.52E+02	1.56E-03	46.78	9.97E-01	2.56E+02
56														
57														
58	5587.7	3.00E+01	6.97E-03	3.74E+07	0.00E+00	1.33E-02	7.00E+00	1.38E+02	1.61E+01	1.41E+02	2.11E-03	49.183	1.36E+00	2.43E+02
59	3570	3.07E+01	9.39E-03	8.06E+07	0.00E+00	9.15E-03	7.15E+00	1.35E+02	1.61E+01	1.42E+02	1.35E-03	49.038	9.22E-01	2.58E+02
60	4119.1	3.02E+01	8.01E-03	5.88E+07	0.00E+00	7.21E-03	7.14E+00	1.36E+02	1.61E+01	1.42E+02	1.55E-03	38.327	8.91E-01	2.16E+02
61	3781.1	3.03E+01	6.75E-03	5.42E+07	0.00E+00	8.08E-03	7.15E+00	1.34E+02	1.62E+01	1.39E+02	1.41E-03	44.397	8.80E-01	2.33E+02
62	3754.3	3.00E+01	9.67E-03	7.72E+07	0.00E+00	7.62E-03	7.07E+00	1.40E+02	1.60E+01	1.48E+02	1.45E-03	43.262	8.88E-01	2.37E+02
63														
64	8572.8	3.00E+01	1.32E-02	4.62E+07	0.00E+00	1.42E-02	7.00E+00	1.28E+02	1.61E+01	1.32E+02	3.02E-03	40.08	1.68E+00	1.96E+02
65	3327.8	3.01E+01	9.63E-03	8.72E+07	0.00E+00	7.56E-03	7.00E+00	1.25E+02	1.61E+01	1.33E+02	1.18E-03	47.678	7.89E-01	2.37E+02
66	3836.1	3.03E+01	8.48E-03	6.69E+07	0.00E+00	5.66E-03	7.00E+00	1.33E+02	1.62E+01	1.39E+02	1.44E-03	33.917	7.46E-01	1.94E+02
67														
68	4706.1	3.00E+01	4.00E-03	2.55E+07	0.00E+00	1.28E-02	7.00E+00	1.44E+02	1.61E+01	1.46E+02	1.86E-03	51.751	1.20E+00	2.56E+02
69	3841.4	3.00E+01	1.09E-02	8.51E+07	0.00E+00	1.19E-02	7.00E+00	1.99E+02	1.61E+01	2.06E+02	2.12E-03	44.548	1.32E+00	3.44E+02
70	4916.3	3.00E+01	1.42E-02	8.68E+07	0.00E+00	1.20E-02	7.10E+00	1.52E+02	1.61E+01	1.59E+02	2.05E-03	45.985	1.27E+00	2.59E+02
71	3894.4	3.00E+01	2.67E-03	2.05E+07	0.00E+00	1.05E-02	7.07E+00	1.55E+02	1.60E+01	1.55E+02	1.61E-03	51.634	9.55E-01	2.45E+02
72	4771.9	3.00E+01	1.00E-02	6.31E+07	0.00E+00	1.21E-02	7.00E+00	1.35E+02	1.61E+01	1.40E+02	1.79E-03	51.733	1.14E+00	2.38E+02
73	3531	3.00E+01	9.71E-03	8.25E+07	0.00E+00	6.74E-03	7.00E+00	1.46E+02	1.61E+01	1.53E+02	1.44E-03	39.48	8.27E-01	2.34E+02
74	4094.8	3.00E+01	6.91E-03	5.06E+07	0.00E+00	9.19E-03	7.04E+00	1.38E+02	1.62E+01	1.43E+02	1.57E-03	45.73	1.01E+00	2.47E+02
75	6305.1	3.00E+01	1.17E-02	5.58E+07	0.00E+00	1.38E-02	7.04E+00	1.34E+02	1.62E+01	1.39E+02	2.35E-03	46.131	1.48E+00	2.34E+02
76	4412.7	3.00E+01	1.34E-02	9.11E+07	0.00E+00	1.09E-02	7.04E+00	1.37E+02	1.62E+01	1.44E+02	1.70E-03	49.433	1.10E+00	2.50E+02
77	2993	3.00E+01	1.91E-03	1.91E+07	0.00E+00	5.11E-03	7.04E+00	1.31E+02	1.61E+01	1.32E+02	1.07E-03	41.047	5.78E-01	1.93E+02
78	3993.1	3.02E+01	9.03E-03	6.84E+07	0.00E+00	6.01E-03	7.14E+00	1.30E+02	1.61E+01	1.36E+02	1.44E-03	35.218	7.69E-01	1.93E+02
79	3487.7	3.00E+01	8.17E-03	7.03E+07	0.00E+00	6.53E-03	7.13E+00	1.36E+02	1.61E+01	1.44E+02	1.31E-03	40.033	7.91E-01	2.27E+02
80	4976.7	3.02E+01	6.72E-03	4.09E+07	0.00E+00	1.10E-02	7.14E+00	1.31E+02	1.61E+01	1.35E+02	1.79E-03	46.825	1.15E+00	2.32E+02
81	5795.7	3.03E+01	1.07E-02	5.60E+07	0.00E+00	1.27E-02	7.07E+00	1.24E+02	1.61E+01	1.29E+02	1.99E-03	48.645	1.25E+00	2.15E+02
82	5880.8	3.00E+01	1.65E-02	8.42E+07	0.00E+00	1.28E-02	7.04E+00	1.50E+02	1.62E+01	1.58E+02	2.49E-03			
83	6913.7	3.00E+01	1.46E-02	6.32E+07	0.00E+00	1.73E-02	7.11E+00	1.39E+02	1.61E+01	1.45E+02	2.62E-03	48.582	1.75E+00	2.54E+02
84	4273.6	3.00E+01	6.41E-03	4.50E+07	0.00E+00	9.54E-03	7.13E+00	1.45E+02	1.61E+01	1.50E+02	1.69E-03	44.3	1.03E+00	2.41E+02
85	4097.8	3.00E+01	1.83E-03	1.34E+07	0.00E+00	9.23E-03	7.07E+00	1.61E+02	1.60E+01	1.63E+02	1.77E-03	42.862	9.82E-01	2.40E+02
86	5479.7	3.00E+01	1.50E-03	8.22E+06	0.00E+00	1.54E-02	7.04E+00	1.40E+02	1.62E+01	1.41E+02	2.10E-03	55.67	1.38E+00	2.52E+02
87	5316.1	3.00E+01	1.06E-02	5.97E+07	0.00E+00	1.15E-02	7.00E+00	1.43E+02	1.61E+01	1.48E+02	2.11E-03	44.548	1.22E+00	2.30E+02
88	3501.1	3.00E+01	4.03E-03	3.45E+07	0.00E+00	8.58E-03	7.13E+00	1.31E+02	1.61E+01	1.35E+02	1.25E-03	51.5	8.52E-01	2.43E+02
89	3471.6	3.00E+01	6.86E-03	5.92E+07	0.00E+00	8.72E-03	7.00E+00	1.45E+02	1.61E+01	1.51E+02	1.40E-03	48.249	8.74E-01	2.52E+02
90														
91														
92	3963.3	3.01E+01	6.62E-03	5.03E+07	0.00E+00	9.49E-03	7.11E+00	1.49E+02	1.60E+01	1.53E+02	1.60E-03	45.334	9.77E-01	2.46E+02
93	2193.4	3.00E+01	2.62E-03	3.58E+07	0.00E+00	5.65E-03	7.00E+00	1.51E+02	1.61E+01	1.53E+02	9.06E-04	49.183	5.95E-01	2.71E+02
94	2980.7	3.03E+01	1.45E-02	1.48E+08	0.00E+00	5.63E-03	7.07E+00	1.26E+02	1.61E+01	1.38E+02	1.08E-03	40.912	6.73E-01	2.26E+02
95														
96	6233.2	3.00E+01	6.21E-03	2.99E+07	0.00E+00	1.72E-02	7.00E+00	1.39E+02	1.61E+01	1.42E+02	2.39E-03	53.484	1.61E+00	2.58E+02
97	5660.7	3.02E+01	8.90E-03	4.76E+07	0.00E+00	1.22E-02	7.14E+00	1.33E+02	1.61E+01	1.37E+02	2.07E-03	44.478	1.37E+00	2.42E+02
98														
99														
100	4965.7	3.02E+01	1.01E-02	6.13E+07	0.00E+00	9.64E-03	7.08E+00	1.26E+02	1.61E+01	1.32E+02	1.73E-03	42.701	1.10E+00	2.21E+02