RECORD	MEAN AREA	ESTIMATED_LENGTH(*)	GRADIENT(*)	EMOD(*)(#)	DECRIMPING_WORK	EXTENSION_WORK	START_X(*)	START_Y	END_X(*)	END_Y	ANALYSIS_WORK	BREAK_STRAIN(*)(#)	BREAK_LOAD	TENSILE_STRENGTH
1	3455.8	3.0600e+001	5.992e-001	5.305e+009	2.060e-007	7.942e-003	2.614e-001	2.030e+001	8.497e-001	5.153e+001	2.210e-005	51.176	6.666e-001	1.929e+002
2	6049.7	3.0570e+001	1.100e+000	5.556e+009	0.000e+000	1.279e-002	2.617e-001	2.100e+001	8.505e-001	5.352e+001	4.065e-005	47.53	1.170e+000	1.935e+002
3	4438.2	3.0140e+001	8.011e-001	5.440e+009	2.306e-007	9.222e-003	2.322e-001	1.702e+001	8.626e-001	5.195e+001	2.941e-005	50.796	7.819e-001	1.762e+002
4	4199.5	3.0260e+001	8.044e-001	5.796e+009	2.894e-007	8.945e-003	2.644e-001	1.927e+001	8.592e-001	5.431e+001	2.770e-005	46.927	8.442e-001	2.010e+002
5	3652.8	3.0090e+001	6.713e-001	5.530e+009	4.905e-009	8.849e-003	2.326e-001	1.813e+001	8.308e-001	5.090e+001	2.268e-005	52.044	7.736e-001	2.118e+002
6	3610.9	3.0070e+001	6.209e-001	5.171e+009	8.830e-008	7.154e-003	2.328e-001	1.630e+001	8.314e-001	4.632e+001	2.022e-005	46.658	6.509e-001	1.803e+002
7	4779	3.0030e+001	8.663e-001	5.444e+009	5.837e-007	7.806e-003	2.331e-001	1.437e+001	8.325e-001	4.711e+001	2.726e-005	40.06	8.368e-001	1.751e+002
8	3417.3	3.0100e+001	6.302e-001	5.551e+009	0.000e+000	5.945e-003	2.658e-001	2.096e+001	8.638e-001	5.483e+001	2.356e-005	41.927	6.048e-001	1.770e+002
9														
10	4739.2	3.0050e+001	8.965e-001	5.684e+009	2.134e-007	5.171e-003	2.329e-001	1.729e+001	8.319e-001	5.123e+001	2.988e-005	26.955	7.113e-001	1.501e+002
11	3068.7	3.0340e+001	6.133e-001	6.063e+009	0.000e+000	8.107e-003	2.966e-001	2.638e+001	8.570e-001	6.074e+001	2.317e-005	55.175	6.446e-001	2.100e+002
12	3409.4	3.0380e+001	6.339e-001	5.649e+009	-1.23E-08	6.800e-003	2.304e-001	1.957e+001	8.229e-001	5.266e+001	2.249e-005	46.906	6.151e-001	1.804e+002
13	2808.1	3.0400e+001	5.480e-001	5.932e+009	0.000e+000	4.866e-003	2.303e-001	2.376e+001	8.224e-001	5.939e+001	2.089e-005	40.855	4.954e-001	1.764e+002
14	3999.6	3.0360e+001	7.350e-001	5.579e+009	9.320e-008	1.046e-002	2.306e-001	2.036e+001	8.893e-001	5.728e+001	3.163e-005	56.225	7.741e-001	1.935e+002
15	2971.7	3.0340e+001	5.411e-001	5.525e+009	2.085e-007	4.823e-003	2.966e-001	2.360e+001	8.570e-001	5.513e+001	2.029e-005	40.013	4.837e-001	1.628e+002
16	3418.7	3.0550e+001	5.951e-001	5.318e+009	1.839e-007	8.617e-003	2.619e-001	2.109e+001	8.183e-001	5.151e+001	2.150e-005	54.108	6.936e-001	2.029e+002
17	3055.4	3.0320e+001	5.435e-001	5.393e+009	0.000e+000	5.437e-003	2.639e-001	2.505e+001	8.575e-001	5.651e+001	2.269e-005	40.303	5.857e-001	1.917e+002
18	3991.4	3.0160e+001	7.729e-001	5.840e+009	4.905e-009	8.674e-003	2.321e-001	1.831e+001	8.289e-001	5.248e+001	2.633e-005	47.049	8.339e-001	2.089e+002
19	3817.1	3.0360e+001	7.240e-001	5.759e+009	2.158e-007	8.379e-003	2.306e-001	1.645e+001	8.235e-001	4.973e+001	2.287e-005	46.673	7.765e-001	2.034e+002
20	4921.3	2.9980e+001	9.335e-001	5.687e+009	7.866e-006	1.027e-002	8.005e-001	1.585e+001	1.568e+000	5.911e+001	4.184e-005	46.931	9.551e-001	1.941e+002
21	4032.4	3.0200e+001	7.246e-001	5.427e+009	4.170e-007	8.269e-003	2.649e-001	1.679e+001	8.278e-001	4.769e+001	2.221e-005	45.464	7.907e-001	1.961e+002
22	5366.5	3.0070e+001	9.048e-001	5.070e+009	2.526e-007	1.282e-002	2.660e-001	1.773e+001	8.314e-001	4.735e+001	3.043e-005	52.877	1.086e+000	2.024e+002
23	4940.8	3.0200e+001	9.657e-001	5.903e+009	3.188e-007	8.959e-003	2.649e-001	1.718e+001	8.278e-001	4.984e+001	2.823e-005	42.384	9.090e-001	1.840e+002
24	3108.2	3.0410e+001	5.683e-001	5.560e+009	0.000e+000	5.626e-003	2.302e-001	2.115e+001	8.221e-001	5.382e+001	2.098e-005	42.979	5.661e-001	1.821e+002
25	4256.2	3.0160e+001	6.561e-001	4.649e+009	0.000e+000	9.914e-003	2.653e-001	1.821e+001	8.952e-001	4.691e+001	2.659e-005	53.78	8.275e-001	1.944e+002
26	3176.6	3.0280e+001	5.958e-001	5.680e+009	0.000e+000	6.988e-003	2.642e-001	2.085e+001	8.256e-001	5.219e+001	1.973e-005	45.707	6.907e-001	2.174e+002
27	5264.4	3.0190e+001	9.990e-001	5.729e+009	0.000e+000	8.193e-003	2.319e-001	1.975e+001	8.612e-001	5.553e+001	3.763e-005	37.396	9.031e-001	1.715e+002
28	3589.5	3.0360e+001	6.506e-001	5.503e+009	1.055e-007	7.964e-003	2.306e-001	1.913e+001	8.893e-001	5.548e+001	2.731e-005	47.596	7.368e-001	2.053e+002
29	3363	3.0380e+001	6.152e-001	5.557e+009	6.622e-008	6.713e-003	2.304e-001	1.882e+001	8.229e-001	5.178e+001	2.166e-005	44.602	6.431e-001	1.912e+002
30	3425.8	3.0800e+001	6.009e-001	5.402e+009	0.000e+000	6.901e-003	2.922e-001	2.606e+001	8.766e-001	5.742e+001	2.553e-005	42.273	7.255e-001	2.118e+002
31	4470.8	3.0080e+001	7.420e-001	4.992e+009	1.153e-007	8.941e-003	2.327e-001	1.514e+001	8.644e-001	4.740e+001	2.698e-005	50.698	7.495e-001	1.677e+002
32	3039.2	3.0260e+001	5.914e-001	5.888e+009	0.000e+000	7.582e-003	2.644e-001	2.405e+001	8.592e-001	5.923e+001	2.285e-005	54.065	6.225e-001	2.048e+002
33	4159.1	3.0360e+001	6.546e-001	4.778e+009	2.011e-007	1.122e-002	2.306e-001	1.663e+001	8.893e-001	4.859e+001	2.747e-005	57.213	9.021e-001	2.169e+002
34	3030.8	2.9980e+001	6.081e-001	6.015e+009	1.663e-005	7.443e-003	1.401e+000	1.618e+001	1.801e+000	4.062e+001	1.021e-005	52.568	6.303e-001	2.080e+002
35	4532.4	3.0680e+001	8.626e-001	5.839e+009	0.000e+000	8.150e-003	2.934e-001	2.262e+001	8.149e-001	5.292e+001	2.784e-005	40.352	8.766e-001	1.934e+002
36	4227.5	3.0470e+001	7.881e-001	5.680e+009	3.262e-007	1.074e-002	2.626e-001	1.973e+001	8.861e-001	5.535e+001	3.075e-005	58.352	8.099e-001	1.916e+002
37	4050.2	3.0420e+001	5.827e-001	4.376e+009	2.551e-007	1.035e-002	2.630e-001	1.683e+001	8.547e-001	4.409e+001	2.170e-005	53.057	9.124e-001	2.253e+002
38	2763	3.0260e+001	5.580e-001	6.111e+009	0.000e+000	5.456e-003	2.644e-001	2.397e+001	8.592e-001	6.072e+001	2.101e-005	42.862	5.528e-001	2.001e+002
39	4794.8	3.0100e+001	7.828e-001	4.914e+009	5.568e-007	1.045e-002	2.326e-001	1.156e+001	8.638e-001	4.154e+001	2.323e-005	46.512	1.032e+000	2.152e+002
40	5557.2	3.0100e+001	9.227e-001	4.998e+009	7.358e-009	1.177e-002	2.326e-001	1.554e+001	8.638e-001	4.740e+001	3.324e-005	51.561	1.007e+000	1.811e+002
41	3553.8	3.0360e+001	6.485e-001	5.540e+009	9.565e-008	7.694e-003	2.306e-001	1.932e+001	8.893e-001	5.604e+001	2.735e-005	51.252	6.534e-001	1.839e+002
42	2289.5	3.0430e+001	4.261e-001	5.663e+009	0.000e+000	4.778e-003	2.300e-001	2.314e+001	8.216e-001	5.699e+001	1.632e-005	45.514	4.685e-001	2.046e+002
43	3853.5	3.0380e+001	7.074e-001	5.577e+009	0.000e+000	6.638e-003	2.304e-001	1.960e+001	8.229e-001	5.283e+001	2.559e-005	40.75	6.804e-001	1.766e+002
44	3577.4	3.0120e+001	7.002e-001	5.895e+009	0.000e+000	4.622e-003	2.324e-001	2.262e+001	8.632e-001	6.006e+001	2.836e-005	30.943	5.739e-001	1.604e+002
45	2893.7	3.0200e+001	5.792e-001	6.045e+009	0.000e+000	2.497e-003	2.649e-001	2.475e+001	8.278e-001	5.882e+001	2.064e-005	21.523	4.223e-001	1.460e+002
46														
47	4297.4	3.0360e+001	8.381e-001	5.921e+009	0.000e+000	1.129e-002	2.306e-001	2.157e+001	8.893e-001	6.038e+001	3.611e-005	56.785	8.785e-001	2.044e+002
48	4697.6	3.0030e+001	9.640e-001	6.163e+009	4.439e-007	1.083e-002	2.664e-001	1.942e+001	8.325e-001	5.514e+001	3.054e-005	48.452	9.879e-001	2.103e+002
49	3873.5	3.0300e+001	7.350e-001	5.749e+009	0.000e+000	8.362e-003	2.640e-001	2.292e+001	8.251e-001	5.483e+001	2.543e-005	48.284	7.569e-001	1.954e+002
50	4655.8	3.0320e+001	8.689e-001	5.659e+009	2.747e-007	1.068e-002	2.968e-001	2.181e+001	8.575e-001	5.394e+001	3.038e-005			
51	3911.7	2.9980e+001	5.976e-001	4.580e+009	5.938e-006	1.094e-002	1.001e+000	8.402e+000	1.501e+000	3.047e+001	1.123e-005	64.843	7.721e-001	1.974e+002
52	3612.9	3.0420e+001	6.843e-001	5.761e+009	2.330e-007	7.579e-003	2.630e-001	2.159e+001	8.547e-001	5.607e+001	2.560e-005	47.107	6.975e-001	1.931e+002
53	2746.7	3.0400e+001	5.211e-001	5.768e+009	0.000e+000	3.759e-003	2.303e-001	2.125e+001	8.224e-001	5.572e+001	1.864e-005	32.829	4.449e-001	1.620e+002
54	4272.9	3.0190e+001	8.516e-001	6.017e+009	-4.91E-09	9.262e-003	2.319e-001	1.917e+001	8.612e-001	5.671e+001	3.101e-005	47.466	8.653e-001	2.025e+002
55	3978.3	3.0360e+001	7.143e-001	5.451e+009	1.055e-007	7.112e-003	2.306e-001	1.702e+001	8.893e-001	5.302e+001	2.847e-005	42.787	6.863e-001	1.725e+002
56	3576.3	3.0110e+001	6.573e-001	5.534e+009	0.000e+000	8.239e-003	2.657e-001	2.167e+001	8.303e-001	5.377e+001	2.321e-005	51.312	7.216e-001	2.018e+002
57	5492.3	3.0400e+001	9.001e-001	4.982e+009	-2.94E-08	1.377e-002	2.303e-001	1.518e+001	8.224e-001	4.519e+001	2.936e-005	52.763	1.220e+000	2.222e+002
58	5495.9	2.9980e+001	7.677e-001	4.188e+009	1.548e-005	1.124e-002	1.134e+000	1.018e+001	1.334e+000	1.856e+001	4.611e-006	46.164	1.082e+000	1.969e+002
59	4688.5	3.0280e+001	8.436e-001	5.448e+009	0.000e+000	1.023e-002	2.642e-001	2.134e+001	8.256e-001	5.210e+001	2.987e-005	48.745	9.423e-001	2.010e+002
60	5105.5	3.0280e+001	8.209e-001	4.868e+009	7.358e-008	1.003e-002	2.642e-001	1.653e+001	8.256e-001	4.391e+001	2.658e-005	46.631	9.418e-001	1.845e+002
61	4636.1	2.9980e+001	7.382e-001	4.774e+009	1.047e-006	9.948e-003	2.001e-001	6.348e+000	8.005e-001	3.460e+001	1.598e-005	48.499	9.247e-001	1.994e+002
62	6884.2	3.0280e+001	1.193e+000	5.246e+009	5.322e-007	1.602e-002	2.642e-001	1.482e+001	8.917e-001	4.738e+001	4.134e-005	51.651	1.415e+000	2.055e+002
63	4915.6	2.9980e+001	7.531e-001	4.593e+009	9.487e-006	1.155e-002	1.268e+000	1.098e+001	1.568e+000	2.505e+001	8.008e-006	51.768	1.058e+000	2.152e+002
64	3583.3	3.0380e+001	6.749e-001	5.722e+009	0.000e+000	8.254e-003	2.304e-001	1.944e+001	8.229e-001	5.339e+001	2.407e-005	51.152	7.123e-001	1.988e+002
65	4358.5	3.0360e+001	7.864e-001	5.478e+009	2.134e-007	1.216e-002	2.306e-001	1.823e+001	8.564e-001	5.357e+001	3.013e-005	59.486	9.399e-001	2.156e+002
66	3947.9	3.0480e+001	6.927e-001	5.348e+009	2.085e-007	9.147e-003	2.297e-001	1.802e+001	8.530e-001	5.132e+001	2.630e-005	57.349	6.764e-001	1.713e+002
67	3674.6	3.0320e+001	6.589e-001	5.437e+009	0.000e+000	9.714e-003	2.639e-001	2.069e+001	8.245e-001	5.086e+001	2.185e-005	52.968	8.565e-001	2.331e+002
68	4864.5	3.0080e+001	8.445e-001	5.222e+009	3.434e-007	1.155e-002	2.327e-001	1.563e+001	8.644e-001	4.992e+001	3.084e-005	52.261	9.811e-001	2.017e+002
69	3257.4	3.0360e+001	6.547e-001	6.102e+009	2.551e-007	7.413e-003	2.306e-001	1.867e+001	8.893e-001	5.843e+001	2.562e-005	48.946	6.637e-001	2.037e+002
70	3843.6	3.0340e+001	7.759e-001	6.125e+009	2.968e-007	7.865e-003	2.307e-001	2.029e+001	8.570e-001	5.986e+001	2.978e-005	44.232	7.844e-001	2.041e+002
71	3539.3	3.0160e+001	5.172e-001	4.407e+009	1.962e-008	7.126e-003	2.321e-001	1.705e+001	8.289e-001	4.338e+001	1.930e-005	45.126	7.064e-001	1.996e+002
72	3241.9	3.0400e+001	5.679e-001	5.325e+009	-7.36E-09	6.607e-003	2.303e-001	1.861e+001	8.553e-001	5.129e+001	2.172e-005	50.066	5.558e-001	1.714e+002
73	4309.6	3.0090e+001	7.376e-001	5.150e+009	9.811e-009	1.166e-002	2.326e-001	1.559e+001	8.308e-001	4.610e+001	2.375e-005	58.425	9.202e-001	2.135e+002
74	5374.3	3.0240e+001	1.044e+000	5.872e+009	7.456e-007	1.164e-002	2.646e-001	1.524e+001	8.598e-001	4.984e+001	3.187e-005	48.942	1.058e+000	1.969e+002
75	3545.2	3.0450e+001	6.961e-001	5.979e+009	3.654e-007	6.712e-003	2.627e-001	2.145e+001	8.539e-001	5.701e+001	2.526e-005	43.514	6.588e-001	1.858e+002
76	2609.4	3.0360e+001	4.482e-001	5.215e+009	1.104e-007	3.870e-003	2.306e-001	2.011e+001	8.893e-001	5.433e+001	1.928e-005	36.43	4.013e-001	1.538e+002
77	4724.8	3.0260e+001	8.562e-001	5.484e+009	4.905e-009	1.183e-002	2.644e-001	1.962e+001	8.923e-001	5.399e+001	3.379e-005	53.503	1.001e+000	2.119e+002
78	4084.2	3.0360e+001	7.577e-001	5.633e+009	0.000e+000	9.551e-003	2.306e-001	2.042e+001	8.893e-001	5.741e+001	3.218e-005	51.614	8.315e-001	2.036e+002
79	4193.5	3.0360e+001	7.215e-001	5.224e+009	2.477e-007	8.498e-003	2.306e-001	1.696e+001	8.893e-001	5.170e+001	2.918e-005	43.544	8.820e-001	2.103e+002
80	4042.9	3.0450e+001	7.909e-001	5.957e+009	0.000e+000	8.668e-003	2.299e-001	2.014e+001	8.539e-001	5.703e+001	2.937e-005	45.386	8.241e-001	2.038e+002
81	2483.5	3.0070e+001	5.123e-001	6.203e+009	0.000e+000	5.115e-003	2.660e-001	2.350e+001	8.314e-001	5.847e+001	1.748e-005	43.399	5.342e-001	2.151e+002
82	4346.5	3.0170e+001	7.660e-001	5.317e+009	3.924e-008	9.301e-003	2.320e-001	1.591e+001	8.618e-001	4.864e+001	2.659e-005	51.608	7.638e-001	1.757e+002
83	3971.6	3.0120e+001	7.620e-001	5.779e+009	7.358e-009	7.758e-003	2.324e-001	1.803e+001	8.632e-001	5.434e+001	2.716e-005	44.29	7.589e-001	1.911e+002
84	4915.3	3.0050e+001	9.647e-001	5.898e+009	0.000e+000	9.928e-003	2.329e-001	1.796e+001	8.319e-001	5.279e+001	3.126e-005	47.82	8.982e-001	1.827e+002
85	2160.8	3.0310e+001	4.157e-001	5.830e+009	0.000e+000	4.123e-003	2.639e-001	2.860e+001	8.908e-001	6.515e+001	1.949e-005	39.954	4.582e-001	2.120e+002
86	3603.7	3.0480e+001	6.971e-001	5.896e+009	0.000e+000	8.394e-003	2.297e-001	2.464e+001	8.530e-001	6.098e+001	2.930e-005	50.295	7.299e-001	2.025e+002
87	4223.8	3.0280e+001	7.966e-001	5.711e+009	3.017e-007	7.433e-003	2.312e-001	1.487e+001	8.256e-001	4.912e+001	2.511e-005	37.781	8.437e-001	1.998e+002
88	4715.2	3.0300e+001	9.526e-001	6.122e+009	1.104e-007	1.282e-002	2.310e-001	1.914e+001	8.251e-001	5.628e+001	3.251e-005	55.413	1.043e+000	2.213e+002
89	4918.9	3.0500e+001	9.394e-001	5.825e+009	2.281e-007	1.108e-002	2.623e-001	1.625e+001	8.852e-001	5.216e+001	3.194e-005	49.607	9.830e-001	1.998e+002
90	3475	3.0600e+001	6.011e-001	5.294e+009	0.000e+000	7.128e-003	2.614e-001	2.216e+001	8.824e-001	5.519e+001	2.531e-005	45.49	6.887e-001	1.982e+002
91	2962.2	3.0230e+001	6.125e-001	6.251e+009	0.000e+000	6.947e-003	2.316e-001	2.401e+001	8.270e-001	6.044e+001	2.227e-005	48.23	6.534e-001	2.206e+002
92	3979.6	3.0390e+001	6.952e-001	5.309e+009	2.845e-007	9.448e-003	2.303e-001	1.763e+001	8.885e-001	5.276e+001	2.861e-005	53.965	7.741e-001	1.945e+002
93	5209.4	3.0120e+001	8.609e-001	4.977e+009	4.905e-008	8.370e-003	2.324e-001	1.375e+001	8.300e-001	4.313e+001	2.634e-005	40.471	8.530e-001	1.637e+002
94	3878.5	3.0100e+001	6.775e-001	5.258e+009	0.000e+000	6.355e-003	2.658e-001	2.049e+001	8.970e-001	5.350e+001	2.734e-005	38.206	7.083e-001	1.826e+002
95	2953	3.0530e+001	5.264e-001	5.442e+009	1.594e-007	5.892e-003	2.620e-001	2.492e+001	8.844e-001	5.914e+001	2.378e-005	46.774	5.357e-001	1.814e+002
96	3515	3.0350e+001	6.174e-001	5.330e+009	2.306e-007	7.176e-003	2.965e-001	2.107e+001	8.567e-001	5.122e+001	2.183e-005	46.359	6.720e-001	1.912e+002
97	5018.2	3.0100e+001	1.007e+000	6.038e+009	9.075e-008	1.125e-002	2.326e-001	1.750e+001	8.306e-001	5.415e+001	3.309e-005	48.306	1.052e+000	2.097e+002
98	3304.5	3.0180e+001	6.373e-001	5.820e+009	2.477e-007	4.216e-003	2.319e-001	1.796e+001	8.284e-001	5.314e+001	2.141e-005	32.803	4.871e-001	1.474e+002
99	3438.8	3.0270e+001	6.990e-001	6.153e+009	0.000e+000	7.949e-003	2.643e-001	2.268e+001	8.589e-001	5.906e+001	2.579e-005	50.347	6.843e-001	1.990e+002
100														