RECORD	CROSS-SECTIONAL AREA	MEAN DIAMETER	MAX DIAMETER	MIN DIAMETER	ELASTIC EMOD	ELASTIC GRADIENT	ELASTIC EXT	ELASTIC STRESS	PLATEAU LOAD	PLATEAU STRESS	LOAD 15%	STRESS 15%	WORK 15%	LOAD 25%	STRESS 25%	WORK 25%	YIELD EXT	POSTYIELD GRADIENT	BREAK EXT	BREAK LOAD	BREAK STRESS	TOTAL WORK	TOUGHNESS
1	3256.3	67	78.1	53.1	4.34E+09	4.78E+01	2.92	1.34E-02	4.94E+01	1.52E-02	4.79E+01	1.47E-02	1.93E-03	5.18E+01	1.59E-02	3.38E-03	32.56	2.80E+00	63.86	8.30E+01	2.55E-02	1.12E-02	1.14E+08
2	4182.1	80.2	101.5	52.5	3.84E+09	5.44E+01	3.13	5.76E-02	2.47E+02	5.90E-02	2.46E+02	5.88E-02	1.07E-02	2.49E+02	5.96E-02	1.80E-02	31.39	3.36E+00	61.46	2.84E+02	6.79E-02	4.66E-02	3.71E+08
3	4939.9	82.7	97.6	64.4	4.21E+09	6.97E+01	3.19	5.72E-03	3.52E+01	7.13E-03	3.33E+01	6.74E-03	1.36E-03	3.74E+01	7.56E-03	2.40E-03	30.3	4.67E+00	58.32	8.29E+01	1.68E-02	8.44E-03	5.62E+07
4	4096.3	80.4	103.5	50.5	4.08E+09	5.68E+01	3.44	6.88E-02	2.87E+02	7.00E-02	2.87E+02	7.01E-02	1.24E-02	2.91E+02	7.10E-02	2.09E-02	23.62	4.57E+00	45.61	3.18E+02	7.76E-02	3.92E-02	3.19E+08
5	2844.2	61.2	64.8	55.9	4.00E+09	3.82E+01	2.93	9.08E-02	2.62E+02	9.22E-02	2.62E+02	9.20E-02	1.16E-02	2.65E+02	9.30E-02	1.94E-02	28.75	2.88E+00	55.67	2.90E+02	1.02E-01	4.47E-02	5.17E+08
6	2086.4	58.3	72.1	36.8	2.48E+11	1.76E+03	0.3	7.59E-02	1.98E+02	9.49E-02	2.05E+02	9.83E-02	8.61E-03	2.07E+02	9.90E-02	1.47E-02	29.59	2.00E+00	65.58	2.28E+02	1.09E-01	4.05E-02	6.48E+08
7																							
8	3278.8	66	76.9	54.3	1.35E+11	1.51E+03	0.13	2.42E-02	9.60E+01	2.93E-02							2.54	2.01E+01	7.91	1.39E+02	4.25E-02	2.77E-03	2.82E+07
9	3060.2	64.6	74	52.7	3.76E+09	3.87E+01	3.4	1.35E-02	4.57E+01	1.49E-02	4.36E+01	1.43E-02	1.78E-03	4.73E+01	1.55E-02	3.12E-03	33.83	2.39E+00	65.18	7.46E+01	2.44E-02	1.04E-02	1.13E+08
10																							
11	2540.4	60.3	70.4	46	4.51E+09	3.88E+01	2.83	1.34E-02	3.79E+01	1.49E-02	3.64E+01	1.43E-02	1.48E-03	3.87E+01	1.52E-02	2.59E-03	33.05	2.26E+00	65.26	6.75E+01	2.66E-02	9.06E-03	1.19E+08
12	3876.9	75.7	94.6	52.2	4.27E+09	5.62E+01	4	1.48E-02	6.15E+01	1.59E-02	6.09E+01	1.57E-02	2.31E-03	6.46E+01	1.67E-02	4.16E-03	26.68	4.76E+00	50.83	9.91E+01	2.56E-02	1.04E-02	8.91E+07
13	3237.8	67.9	81.7	50.7	4.03E+09	4.42E+01	3.23	1.37E-02	4.94E+01	1.53E-02	4.99E+01	1.54E-02	1.96E-03	5.33E+01	1.65E-02	3.48E-03	22.41	3.77E+00	43.4	7.43E+01	2.30E-02	6.88E-03	7.07E+07
14	3638.1	74.8	91.9	50.4	4.45E+09	5.42E+01	2.83	1.33E-02	5.25E+01	1.44E-02	5.17E+01	1.42E-02	2.09E-03	5.55E+01	1.53E-02	3.69E-03	28.85	3.24E+00	55.87	8.22E+01	2.26E-02	9.98E-03	9.02E+07
15	3696.3	71.8	84.3	55.8	3.86E+09	4.84E+01	3.03	1.26E-02	5.05E+01	1.37E-02	5.08E+01	1.37E-02	2.02E-03	5.47E+01	1.48E-02	3.58E-03	23.06	4.15E+00	44.82	7.87E+01	2.13E-02	7.41E-03	6.68E+07
16	4043.6	76.7	93.9	54.8	3.87E+09	5.26E+01	3.1	1.31E-02	5.57E+01	1.38E-02	5.46E+01	1.35E-02	2.25E-03	5.59E+01	1.38E-02	3.90E-03	32.79	2.88E+00	63.58	8.78E+01	2.17E-02	1.21E-02	9.91E+07
17	3687.1	73	87.8	53.5	4.54E+09	5.67E+01	3.03	1.42E-02	5.80E+01	1.57E-02	5.64E+01	1.53E-02	2.28E-03	6.05E+01	1.64E-02	3.97E-03	30.48	4.06E+00	59.8	1.03E+02	2.78E-02	1.25E-02	1.13E+08
18	3342	74	95.6	44.5	4.44E+09	4.99E+01	2.97	1.44E-02	5.19E+01	1.55E-02	5.16E+01	1.54E-02	2.12E-03	5.51E+01	1.65E-02	3.70E-03	23.38	3.96E+00	44.95	7.85E+01	2.35E-02	7.62E-03	7.52E+07
19	3538	69	81.3	55.4	3.73E+09	4.45E+01	2.88	1.20E-02	4.62E+01	1.31E-02	4.59E+01	1.30E-02	1.86E-03	4.81E+01	1.36E-02	3.23E-03	28.68	3.06E+00	56.09	7.45E+01	2.10E-02	8.86E-03	8.29E+07
20	3024.9	62.5	70.4	54.8	4.50E+09	4.62E+01	2.7	1.30E-02	4.43E+01	1.47E-02	4.49E+01	1.48E-02	1.77E-03	4.73E+01	1.56E-02	3.13E-03	25.95	3.32E+00	51.2	7.17E+01	2.37E-02	7.70E-03	8.48E+07
21	3091.2	63.7	70.5	55.9	4.05E+09	4.21E+01	3.04	1.31E-02	4.41E+01	1.43E-02	4.34E+01	1.40E-02	1.77E-03	4.64E+01	1.50E-02	3.11E-03	27.85	3.21E+00	54.06	7.34E+01	2.37E-02	8.31E-03	8.87E+07
22	3903.7	72.2	82.6	60.2	4.20E+09	5.57E+01	2.9	1.25E-02	5.45E+01	1.40E-02	5.66E+01	1.45E-02	2.17E-03	5.94E+01	1.52E-02	3.88E-03	22.65	4.66E+00	44.4	8.62E+01	2.21E-02	8.02E-03	6.84E+07
23	3306.1	69.4	85.9	49	4.59E+09	5.15E+01	1.77	9.20E-03	3.09E+01	9.36E-03							1.93	3.95E+00	2.1	3.16E+01	9.56E-03	1.29E-04	1.30E+06
24	3554	77.8	101.2	44.7	4.70E+09	5.61E+01	3	1.50E-02	5.93E+01	1.67E-02	5.74E+01	1.62E-02	2.33E-03	6.15E+01	1.73E-02	4.09E-03	30.97	4.15E+00	60.17	1.05E+02	2.96E-02	1.30E-02	1.20E+08
25	2275.1	58.1	72.4	40	4.48E+09	3.44E+01	2.68	1.35E-02	3.47E+01	1.52E-02	3.37E+01	1.48E-02	1.36E-03	3.61E+01	1.59E-02	2.40E-03	34.01	1.84E+00	66.79	5.97E+01	2.62E-02	8.39E-03	1.22E+08
26	2826.5	61.9	70.9	50.8	4.28E+09	4.09E+01	3.15	1.42E-02	4.29E+01	1.52E-02	4.22E+01	1.49E-02	1.70E-03	4.47E+01	1.58E-02	2.99E-03	29.02	2.70E+00	56.51	6.84E+01	2.42E-02	8.26E-03	9.70E+07
27	2201	54.1	63.6	44.1	4.58E+09	3.38E+01	2.77	1.42E-02	3.33E+01	1.52E-02	3.25E+01	1.47E-02	1.36E-03	3.45E+01	1.57E-02	2.34E-03	30.95	1.69E+00	60.58	5.14E+01	2.34E-02	6.88E-03	1.03E+08
28	2934.8	66.5	86.4	43.3	4.71E+09	4.69E+01	2.69	1.31E-02	4.15E+01	1.41E-02	4.11E+01	1.40E-02	1.65E-03	4.33E+01	1.48E-02	2.91E-03	28.99	2.25E+00	57.31	6.22E+01	2.12E-02	7.87E-03	8.92E+07
29	3335.2	68.8	81.2	52.3	4.22E+09	4.74E+01	2.91	1.37E-02	4.90E+01	1.47E-02	4.89E+01	1.47E-02	1.99E-03	5.08E+01	1.52E-02	3.47E-03	27.07	3.25E+00	52.51	7.61E+01	2.28E-02	8.64E-03	8.56E+07
30	3019.5	70.5	87	44.2	4.57E+09	4.66E+01	2.91	1.52E-02	5.00E+01	1.66E-02	4.89E+01	1.62E-02	1.98E-03	5.22E+01	1.73E-02	3.47E-03	29.48	3.52E+00	57.47	8.61E+01	2.85E-02	1.02E-02	1.12E+08
31	2994.1	64.7	79.5	47.9	4.55E+09	4.58E+01	2.77	1.33E-02	4.24E+01	1.42E-02	4.27E+01	1.43E-02	1.75E-03	4.48E+01	1.50E-02	3.05E-03	22.08	2.65E+00	42.87	5.90E+01	1.97E-02	5.75E-03	6.34E+07
32	4342.1	76.8	88.3	62.7	4.22E+09	6.22E+01	3.09	1.32E-02	6.25E+01	1.44E-02	6.15E+01	1.42E-02	2.45E-03	6.43E+01	1.48E-02	4.31E-03	31.36	3.88E+00	61.42	1.07E+02	2.46E-02	1.36E-02	1.04E+08
33	2720.1	68.2	85.8	40.3	4.73E+09	4.35E+01	3.08	1.57E-02	4.59E+01	1.69E-02	4.56E+01	1.68E-02	1.84E-03	4.87E+01	1.79E-02	3.23E-03	25.52	3.62E+00	49.49	7.35E+01	2.70E-02	7.62E-03	9.29E+07
34	3127.9	64.3	73.5	54.2	4.17E+09	4.39E+01	2.91	1.31E-02	4.29E+01	1.37E-02	4.30E+01	1.38E-02	1.77E-03	4.59E+01	1.47E-02	3.09E-03	18.37	2.45E+00	35.36	5.60E+01	1.79E-02	4.61E-03	4.87E+07
35	3007.1	62.4	70.7	54.1	3.95E+09	4.00E+01	2.88	1.23E-02	4.03E+01	1.34E-02	3.89E+01	1.29E-02	1.61E-03	4.15E+01	1.38E-02	2.78E-03	31.78	2.48E+00	62.24	6.94E+01	2.31E-02	9.02E-03	9.92E+07
36	2509.9	59.9	71.3	44.8	4.45E+09	3.77E+01	2.95	1.40E-02	3.94E+01	1.57E-02	3.76E+01	1.50E-02	1.52E-03	3.98E+01	1.58E-02	2.66E-03	34.55	2.24E+00	67.61	7.14E+01	2.85E-02	9.90E-03	1.31E+08
37	2403.9	64.9	83	36.9	4.69E+09	3.79E+01	3.1	1.53E-02	4.00E+01	1.66E-02	4.02E+01	1.67E-02	1.59E-03	4.28E+01	1.78E-02	2.82E-03	26.48	2.64E+00	51.09	6.15E+01	2.56E-02	6.78E-03	9.30E+07
38	4312.5	78.1	91.5	60	4.04E+09	5.88E+01	3.05	1.35E-02	6.34E+01	1.47E-02	6.15E+01	1.43E-02	2.50E-03	6.65E+01	1.54E-02	4.38E-03	29.48	4.47E+00	57.3	1.10E+02	2.54E-02	1.30E-02	9.96E+07
39	3622.5	71.4	87.3	52.8	4.37E+09	5.28E+01	2.85	1.39E-02	5.33E+01	1.47E-02	5.31E+01	1.47E-02	2.22E-03	5.59E+01	1.54E-02	3.82E-03	23.96	3.95E+00	46.12	8.01E+01	2.21E-02	8.12E-03	7.34E+07
40	2958.1	64	75	50.2	4.06E+09	4.02E+01	3.15	1.44E-02	4.65E+01	1.57E-02	4.61E+01	1.56E-02	1.87E-03	4.91E+01	1.66E-02	3.28E-03	27.61	3.68E+00	53.05	7.97E+01	2.69E-02	8.74E-03	9.69E+07
41	3495.4	67.4	72.7	61.2	3.91E+09	4.57E+01	3.15	1.35E-02	5.06E+01	1.45E-02	4.94E+01	1.41E-02	2.03E-03	5.32E+01	1.52E-02	3.54E-03	29.31	3.68E+00	56.3	8.71E+01	2.49E-02	1.02E-02	9.54E+07
42	3113.5	70.3	89.2	44.4	4.99E+09	5.13E+01	2.85	1.50E-02	5.02E+01	1.61E-02	4.93E+01	1.58E-02	2.06E-03	5.29E+01	1.70E-02	3.60E-03	27.72	3.91E+00	53.08	8.62E+01	2.77E-02	9.57E-03	9.97E+07
43	3459.5	68.4	76.8	57.4	4.47E+09	5.19E+01	2.8	1.37E-02	5.07E+01	1.47E-02	5.07E+01	1.47E-02	2.09E-03	5.41E+01	1.56E-02	3.64E-03	20.64	3.50E+00	39.86	7.14E+01	2.06E-02	6.38E-03	6.07E+07
44	3817.3	71.2	82.9	58.7	4.68E+09	6.06E+01	2.92	1.37E-02	5.73E+01	1.50E-02	5.52E+01	1.45E-02	2.28E-03	6.02E+01	1.58E-02	3.94E-03	29.91	3.99E+00	58.62	1.00E+02	2.63E-02	1.21E-02	1.05E+08
45	3813.6	73.3	87.2	56	4.04E+09	5.21E+01	2.82	1.25E-02	5.25E+01	1.38E-02	5.14E+01	1.35E-02	2.08E-03	5.48E+01	1.44E-02	3.65E-03	30.18	3.65E+00	59.23	9.12E+01	2.39E-02	1.11E-02	9.63E+07
46	2269.1	58.9	70.7	40.9	4.51E+09	3.45E+01	2.81	1.40E-02	3.42E+01	1.51E-02	3.38E+01	1.49E-02	1.39E-03	3.62E+01	1.59E-02	2.43E-03	26.9	2.58E+00	52.31	5.66E+01	2.49E-02	6.19E-03	9.02E+07
47	4641.5	84.3	105	56.3	4.24E+09	6.68E+01	3.03	1.29E-02	6.60E+01	1.42E-02	6.60E+01	1.42E-02	2.62E-03	6.95E+01	1.50E-02	4.62E-03	27.54	5.14E+00	53.73	1.11E+02	2.39E-02	1.22E-02	8.77E+07
48	1813.6	49.2	53.4	43.3	4.67E+09	2.82E+01	2.84	1.43E-02	2.80E+01	1.54E-02	2.77E+01	1.53E-02	1.15E-03	2.97E+01	1.64E-02	2.01E-03	26.87	2.07E+00	51.84	4.58E+01	2.52E-02	5.03E-03	9.06E+07
49	4056.9	80.8	104.3	49.5	4.20E+09	5.74E+01	3.18	1.43E-02	6.16E+01	1.52E-02	6.28E+01	1.55E-02	2.49E-03	6.68E+01	1.65E-02	4.41E-03	18.17	3.69E+00	34.38	8.09E+01	1.99E-02	6.43E-03	5.24E+07
50	4362.3	76.6	87.2	63.7	4.03E+09	5.85E+01	2.94	1.26E-02	5.88E+01	1.35E-02	5.88E+01	1.35E-02	2.44E-03	6.27E+01	1.44E-02	4.22E-03	23.36	4.93E+00	44.69	9.13E+01	2.09E-02	8.75E-03	6.55E+07