RECORD	CROSS-SECTIONAL AREA	MEAN DIAMETER	MAX DIAMETER	MIN DIAMETER	ELASTIC EMOD	ELASTIC GRADIENT	ELASTIC EXT	ELASTIC STRESS	PLATEAU LOAD	PLATEAU STRESS	LOAD 15%	STRESS 15%	WORK 15%	LOAD 25%	STRESS 25%	WORK 25%	YIELD EXT	POSTYIELD GRADIENT	BREAK EXT	BREAK LOAD	BREAK STRESS	TOTAL WORK	TOUGHNESS
1	3401.9	72	87.3	49.6	4.31E+09	4.96E+01	2.79	1.32E-02			4.81E+01	1.41E-02	1.97E-03	5.14E+01	1.51E-02	3.44E-03							
2	3973.4	79.4	99	51.1	4.66E+09	6.26E+01	2.98	1.42E-02	6.04E+01	1.52E-02	6.01E+01	1.51E-02	2.44E-03	6.57E+01	1.65E-02	4.30E-03	22.21	5.13E+00	42.92	9.32E+01	2.35E-02	8.48E-03	7.08E+07
3	4999.6	80.8	92.5	68.8	3.62E+09	6.10E+01	2.91	1.13E-02	6.12E+01	1.22E-02	6.16E+01	1.23E-02	2.45E-03	6.31E+01	1.26E-02	4.30E-03	30.54	3.45E+00	59.45	9.66E+01	1.93E-02	1.25E-02	8.23E+07
4	5873.1	88.5	99.2	75.5	3.51E+09	7.01E+01	4.04	1.31E-02	8.30E+01	1.41E-02	8.08E+01	1.38E-02	3.11E-03	8.61E+01	1.47E-02	5.56E-03	29.45	5.98E+00	56.3	1.40E+02	2.39E-02	1.61E-02	9.12E+07
5	2468.3	56	61.6	51	3.98E+09	3.26E+01	2.35	1.09E-02	3.05E+01	1.24E-02	3.05E+01	1.24E-02	1.24E-03	3.21E+01	1.30E-02	2.17E-03	30.41	1.96E+00	59.51	5.17E+01	2.09E-02	6.54E-03	8.65E+07
6	3119.7	65.4	76.7	51.8	3.74E+09	3.94E+01	3.15	1.29E-02	4.31E+01	1.38E-02	4.23E+01	1.36E-02	1.71E-03	4.47E+01	1.43E-02	2.99E-03	29.88	2.77E+00	57.87	7.08E+01	2.27E-02	8.61E-03	9.14E+07
7	4174.1	77.4	95.2	55.8	4.00E+09	5.63E+01	2.91	1.28E-02	5.77E+01	1.38E-02	5.83E+01	1.40E-02	2.34E-03	6.07E+01	1.45E-02	4.07E-03	25.44	4.10E+00	49.59	8.89E+01	2.13E-02	9.45E-03	7.50E+07
8	3260.1	66.5	75.8	54.8	4.01E+09	4.40E+01	2.95	1.28E-02	4.50E+01	1.38E-02	4.39E+01	1.35E-02	1.81E-03	4.74E+01	1.45E-02	3.15E-03	27.99	3.20E+00	54.47	7.51E+01	2.30E-02	8.56E-03	8.68E+07
9	2844.4	60.7	65.9	54.9	4.55E+09	4.37E+01	2.71	1.30E-02	4.05E+01	1.42E-02	4.04E+01	1.42E-02	1.64E-03	4.27E+01	1.50E-02	2.87E-03	27.22	2.89E+00	53.26	6.62E+01	2.33E-02	7.44E-03	8.66E+07
10	3905.6	75.4	89.6	55.5	4.12E+09	5.44E+01	2.68	1.20E-02	5.15E+01	1.32E-02	5.14E+01	1.32E-02	2.11E-03	5.37E+01	1.37E-02	3.64E-03	26	3.25E+00	50.91	7.66E+01	1.96E-02	8.59E-03	7.29E+07
11	2646.1	58.5	67.8	49.6	4.20E+09	3.76E+01	2.72	1.20E-02	3.54E+01	1.34E-02	3.41E+01	1.29E-02	1.41E-03	3.62E+01	1.37E-02	2.43E-03	33.54	1.99E+00	66.26	6.16E+01	2.33E-02	8.49E-03	1.07E+08
12	2961.5	62.8	73.2	51.5	4.18E+09	4.15E+01	3.06	1.32E-02	4.31E+01	1.45E-02	4.19E+01	1.41E-02	1.70E-03	4.47E+01	1.51E-02	2.99E-03	31.09	2.69E+00	60.07	7.08E+01	2.39E-02	9.27E-03	1.03E+08
13	4013.9	74	88.8	57.6	3.73E+09	5.07E+01	3.05	1.26E-02	5.66E+01	1.41E-02	5.57E+01	1.39E-02	2.22E-03	5.93E+01	1.48E-02	3.91E-03	30.18	3.69E+00	58.83	9.71E+01	2.42E-02	1.18E-02	9.79E+07
14	3091.4	65.1	76.2	51.7	3.88E+09	4.08E+01	5.07	1.45E-02	4.84E+01	1.57E-02	4.78E+01	1.55E-02	1.68E-03	4.96E+01	1.60E-02	3.12E-03	29.06	3.21E+00	53.95	7.51E+01	2.43E-02	8.39E-03	9.06E+07
15	2243.3	58	71	40.2	4.52E+09	3.43E+01	2.62	1.25E-02	3.12E+01	1.39E-02	3.04E+01	1.35E-02	1.26E-03	3.23E+01	1.44E-02	2.17E-03	30.66	1.85E+00	60.45	5.20E+01	2.32E-02	6.65E-03	9.83E+07
16	3466	73.5	91.3	48.3	4.70E+09	5.52E+01	2.76	1.32E-02	5.07E+01	1.46E-02	4.99E+01	1.44E-02	2.04E-03	5.30E+01	1.53E-02	3.53E-03	28.55	3.44E+00	56.26	8.45E+01	2.44E-02	9.96E-03	9.55E+07
17	3916.9	80.3	100.5	49.7	3.99E+09	5.27E+01	3.34	1.43E-02	6.07E+01	1.55E-02	5.99E+01	1.53E-02	2.42E-03	6.28E+01	1.60E-02	4.20E-03	29.46	3.81E+00	56.85	9.78E+01	2.50E-02	1.18E-02	9.96E+07
18	4229.4	77.7	92.5	58.3	3.59E+09	5.15E+01	3.13	1.24E-02	5.80E+01	1.37E-02	5.75E+01	1.36E-02	2.27E-03	6.12E+01	1.45E-02	4.03E-03	27.88	4.09E+00	54.5	9.46E+01	2.24E-02	1.08E-02	8.48E+07
19	2019.9	54	65.4	39.3	4.62E+09	3.15E+01	2.58	1.32E-02	2.92E+01	1.44E-02	2.81E+01	1.39E-02	1.17E-03	3.00E+01	1.48E-02	2.03E-03	33.79	1.50E+00	66.81	4.89E+01	2.42E-02	6.94E-03	1.14E+08
20	4853.4	81.6	94.5	65.4	3.59E+09	5.88E+01	3.31	1.29E-02	6.68E+01	1.38E-02	6.62E+01	1.36E-02	2.67E-03	7.17E+01	1.48E-02	4.71E-03	25.16	5.33E+00	48.33	1.07E+02	2.21E-02	1.09E-02	7.44E+07
21	2219.6	56.2	65.5	43.2	4.45E+09	3.34E+01	2.58	1.31E-02	3.22E+01	1.45E-02	3.26E+01	1.47E-02	1.29E-03	3.38E+01	1.52E-02	2.28E-03	26.84	2.20E+00	52.71	5.08E+01	2.29E-02	5.75E-03	8.57E+07
22	3786.4	73.2	87.8	54.9	3.61E+09	4.63E+01	3.09	1.29E-02	5.28E+01	1.40E-02	5.39E+01	1.42E-02	2.10E-03	5.61E+01	1.48E-02	3.72E-03	23.78	3.77E+00	46.29	7.87E+01	2.08E-02	7.90E-03	6.93E+07
23	2667.2	60.4	73.4	46.3	3.98E+09	3.57E+01	2.94	1.28E-02	3.74E+01	1.40E-02	3.68E+01	1.38E-02	1.50E-03	3.94E+01	1.48E-02	2.63E-03	28.46	2.74E+00	55.23	6.37E+01	2.39E-02	7.31E-03	9.04E+07
24	4781.5	82.8	101.6	59.9	4.49E+09	7.26E+01	2.88	1.30E-02	6.74E+01	1.41E-02	6.54E+01	1.37E-02	2.69E-03	7.05E+01	1.47E-02	4.69E-03	29.57	4.53E+00	57.81	1.15E+02	2.40E-02	1.38E-02	9.53E+07
25	6044.2	94.3	116.5	66.1	3.53E+09	7.19E+01	3.24	1.27E-02	8.34E+01	1.38E-02	8.34E+01	1.38E-02	3.34E-03	8.82E+01	1.46E-02	5.83E-03	25.99	5.97E+00	50.1	1.31E+02	2.17E-02	1.40E-02	7.65E+07
26	2986.8	63.9	74.3	51.2	4.33E+09	4.35E+01	3.14	1.42E-02	4.56E+01	1.53E-02	4.48E+01	1.50E-02	1.83E-03	4.77E+01	1.60E-02	3.20E-03	29.21	3.13E+00	56.37	7.65E+01	2.56E-02	9.04E-03	9.99E+07
27	4270.4	82.2	102.9	53	4.15E+09	5.96E+01	3	1.38E-02	6.26E+01	1.47E-02	6.12E+01	1.43E-02	2.54E-03	6.45E+01	1.51E-02	4.37E-03	30.36	3.96E+00	58.83	1.05E+02	2.45E-02	1.30E-02	1.00E+08
28	2941.6	62.5	69.8	53.7	4.17E+09	4.15E+01	2.88	1.26E-02	3.96E+01	1.35E-02	3.93E+01	1.33E-02	1.61E-03	4.19E+01	1.42E-02	2.81E-03	24.33	2.98E+00	47.56	6.10E+01	2.07E-02	6.20E-03	6.98E+07
29	4393.2	77.6	93.4	59.8	3.37E+09	5.02E+01	3.36	1.35E-02	6.23E+01	1.42E-02	6.19E+01	1.41E-02	2.50E-03	6.44E+01	1.47E-02	4.33E-03	26.42	4.34E+00	51.05	9.59E+01	2.18E-02	1.05E-02	7.93E+07
30	4170.1	78.3	95.1	55.9	4.07E+09	5.72E+01	3.24	1.38E-02	6.13E+01	1.47E-02	5.98E+01	1.43E-02	2.46E-03	6.40E+01	1.53E-02	4.25E-03	29.07	4.42E+00	56.28	1.05E+02	2.52E-02	1.22E-02	9.67E+07
31	2510.6	60	74	43.2	4.73E+09	4.02E+01	2.79	1.44E-02	3.79E+01	1.51E-02	3.76E+01	1.50E-02	1.55E-03	3.97E+01	1.58E-02	2.69E-03	24.73	2.85E+00	48.37	5.83E+01	2.32E-02	6.08E-03	8.05E+07
32	2765.1	63	74.7	47.2	4.41E+09	4.11E+01	2.81	1.36E-02	4.10E+01	1.48E-02	4.00E+01	1.45E-02	1.65E-03	4.31E+01	1.56E-02	2.88E-03	29.18	2.92E+00	56.94	7.08E+01	2.56E-02	8.35E-03	9.98E+07
33	4286.9	79.1	99.3	55	3.67E+09	5.30E+01	3.54	1.34E-02	6.01E+01	1.40E-02	5.92E+01	1.38E-02	2.40E-03	6.31E+01	1.47E-02	4.21E-03	25.91	4.84E+00	49.44	9.68E+01	2.26E-02	1.00E-02	7.71E+07
34	3444.8	67.2	73.3	59.9	3.83E+09	4.43E+01	3.23	1.34E-02	4.89E+01	1.42E-02	4.80E+01	1.39E-02	1.97E-03	5.07E+01	1.47E-02	3.43E-03	28.36	3.35E+00	54.72	7.94E+01	2.31E-02	9.21E-03	8.82E+07
35	4302.6	77	87.6	62.5	4.07E+09	5.93E+01	3.16	1.28E-02	5.92E+01	1.38E-02	5.79E+01	1.35E-02	2.36E-03	6.11E+01	1.42E-02	4.08E-03	29.91	3.82E+00	58.42	1.00E+02	2.33E-02	1.22E-02	9.41E+07
36	4206.3	79.6	98	54.6	4.69E+09	6.69E+01	2.89	1.36E-02	6.22E+01	1.48E-02	6.23E+01	1.48E-02	2.51E-03	6.72E+01	1.60E-02	4.41E-03	22.69	5.26E+00	44.21	9.67E+01	2.30E-02	9.00E-03	7.12E+07
37																							
38	2513.9	58.1	70.4	45.4	4.04E+09	3.43E+01	2.68	1.15E-02	3.16E+01	1.26E-02	3.14E+01	1.25E-02	1.27E-03	3.27E+01	1.30E-02	2.22E-03	30.47	1.63E+00	59.81	4.69E+01	1.86E-02	6.21E-03	8.18E+07
39	2225.9	57.2	69.3	40.9	4.23E+09	3.16E+01	3	1.42E-02	3.37E+01	1.51E-02	3.30E+01	1.48E-02	1.37E-03	3.46E+01	1.55E-02	2.35E-03	31.15	1.99E+00	60.58	5.53E+01	2.48E-02	7.17E-03	1.06E+08
40	3480.7	70.8	85.1	52.1	4.57E+09	5.39E+01	2.82	1.32E-02	5.04E+01	1.45E-02	5.00E+01	1.44E-02	2.02E-03	5.36E+01	1.54E-02	3.55E-03	26.29	3.83E+00	51.66	8.23E+01	2.36E-02	8.92E-03	8.51E+07
41	4108.1	84.6	105.8	49.4	4.50E+09	6.24E+01	3.24	1.51E-02	6.58E+01	1.60E-02	6.51E+01	1.59E-02	2.66E-03	6.93E+01	1.69E-02	4.60E-03	26.55	5.01E+00	51.26	1.08E+02	2.62E-02	1.16E-02	9.31E+07
42	2605.4	58.5	67.3	49.3	4.16E+09	3.64E+01	2.83	1.34E-02	3.72E+01	1.43E-02	3.67E+01	1.41E-02	1.53E-03	3.88E+01	1.49E-02	2.64E-03	26.65	2.52E+00	51.81	5.80E+01	2.22E-02	6.51E-03	8.23E+07
43	3488.4	69.2	80.1	55.4	3.77E+09	4.39E+01	2.92	1.22E-02	4.52E+01	1.30E-02	4.39E+01	1.26E-02	1.81E-03	4.81E+01	1.38E-02	3.20E-03	29.38	2.65E+00	56.7	7.06E+01	2.02E-02	8.77E-03	8.24E+07
44	3071.1	68.5	83.6	46.8	4.53E+09	4.71E+01	2.76	1.31E-02	4.39E+01	1.43E-02	4.35E+01	1.42E-02	1.78E-03	4.61E+01	1.50E-02	3.08E-03	26.01	3.32E+00	51	7.04E+01	2.29E-02	7.56E-03	8.18E+07
45	3147.1	70.3	87.9	45.6	4.55E+09	4.81E+01	3.04	1.45E-02	4.74E+01	1.51E-02	4.66E+01	1.48E-02	1.95E-03	4.89E+01	1.55E-02	3.36E-03	28.05	3.11E+00	54.42	7.45E+01	2.37E-02	8.75E-03	9.18E+07
46	4258	76.6	88.2	61.5	3.82E+09	5.48E+01	3.24	1.35E-02	6.11E+01	1.43E-02	6.05E+01	1.42E-02	2.45E-03	6.36E+01	1.49E-02	4.29E-03	27.21	4.21E+00	52.25	9.63E+01	2.26E-02	1.07E-02	8.31E+07
47	2766.8	61.9	72.7	48.5	4.00E+09	3.73E+01	3.15	1.40E-02	4.30E+01	1.55E-02	4.08E+01	1.47E-02	1.67E-03	4.36E+01	1.57E-02	2.90E-03	34.12	2.52E+00	66.58	7.70E+01	2.78E-02	1.05E-02	1.26E+08
48	3561.7	76.1	95	47.8	5.10E+09	6.16E+01	2.83	1.47E-02	5.66E+01	1.59E-02	5.58E+01	1.57E-02	2.29E-03	5.95E+01	1.67E-02	3.98E-03	25.5	4.43E+00	50.13	9.18E+01	2.58E-02	9.62E-03	8.98E+07
49	2664.7	59.7	66.7	50.9	4.21E+09	3.80E+01	3.05	1.36E-02	3.91E+01	1.47E-02	3.96E+01	1.48E-02	1.59E-03	4.23E+01	1.59E-02	2.78E-03	20.36	3.04E+00	39.34	5.64E+01	2.12E-02	4.85E-03	6.04E+07
50	2842.7	61.5	67.4	53.7	4.12E+09	3.92E+01	2.7	1.22E-02	3.82E+01	1.35E-02	3.70E+01	1.30E-02	1.54E-03	3.93E+01	1.38E-02	2.68E-03	32.63	2.17E+00	63.72	6.44E+01	2.27E-02	8.71E-03	1.01E+08
51																							
52	2855.7	66.8	83.6	43.5	4.33E+09	4.16E+01	2.84	1.42E-02	4.31E+01	1.51E-02	4.23E+01	1.48E-02	1.74E-03	4.45E+01	1.56E-02	3.03E-03	28.9	2.87E+00	56.44	7.11E+01	2.49E-02	8.47E-03	9.80E+07
53	2769.1	61.7	72.3	48.8	3.97E+09	3.70E+01	2.9	1.31E-02	3.88E+01	1.40E-02	3.67E+01	1.32E-02	1.55E-03	3.86E+01	1.39E-02	2.66E-03	36.7	1.93E+00	71.75	6.64E+01	2.40E-02	1.01E-02	1.20E+08
54	3522	70.3	83.1	54	4.25E+09	5.07E+01	2.85	1.25E-02	4.72E+01	1.34E-02	4.62E+01	1.31E-02	1.90E-03	4.87E+01	1.38E-02	3.28E-03	30.46	2.90E+00	59.89	7.76E+01	2.20E-02	9.79E-03	9.22E+07
55	5467.8	87	99.1	70.3	3.72E+09	6.90E+01	3.03	1.18E-02	6.78E+01	1.24E-02	6.66E+01	1.22E-02	2.73E-03	6.96E+01	1.27E-02	4.71E-03	28.35	3.89E+00	55.34	9.99E+01	1.83E-02	1.24E-02	7.54E+07
56	3392.8	69.5	83.9	51.5	4.29E+09	4.91E+01	2.65	1.24E-02	4.55E+01	1.34E-02	4.49E+01	1.32E-02	1.85E-03	4.83E+01	1.42E-02	3.21E-03	26.95	2.95E+00	52.98	7.06E+01	2.08E-02	8.09E-03	7.88E+07
57	4273.4	74.8	83.9	64.8	3.92E+09	5.67E+01	2.95	1.27E-02	6.04E+01	1.41E-02	5.81E+01	1.36E-02	2.37E-03	6.21E+01	1.45E-02	4.14E-03	32.54	3.88E+00	63.91	1.08E+02	2.52E-02	1.40E-02	1.09E+08
58	2405.1	56.4	64.4	47.5	4.44E+09	3.61E+01	2.62	1.26E-02	3.35E+01	1.39E-02	3.33E+01	1.39E-02	1.35E-03	3.49E+01	1.45E-02	2.36E-03	29.57	2.21E+00	58.17	5.64E+01	2.34E-02	6.87E-03	9.47E+07
59	4694.8	82.1	101.6	58.8	4.31E+09	6.85E+01	2.79	1.22E-02	6.39E+01	1.36E-02	6.44E+01	1.37E-02	2.50E-03	6.68E+01	1.42E-02	4.44E-03	31.31	3.96E+00	61.55	1.09E+02	2.32E-02	1.40E-02	9.87E+07
60	3118.4	66.6	81.4	48.7	4.09E+09	4.33E+01	4	1.46E-02	4.86E+01	1.56E-02	4.78E+01	1.53E-02	1.83E-03	4.95E+01	1.59E-02	3.26E-03	30.39	3.00E+00	58.21	7.78E+01	2.50E-02	9.49E-03	1.02E+08
61	3926.7	73.7	85.1	58.8	3.82E+09	5.08E+01	3.15	1.29E-02	5.55E+01	1.41E-02	5.35E+01	1.36E-02	2.17E-03	5.74E+01	1.46E-02	3.81E-03	31.73	3.48E+00	61.9	9.62E+01	2.45E-02	1.23E-02	1.04E+08
62	4246.4	76.5	89.8	60.3	3.86E+09	5.51E+01	3.1	1.25E-02	5.68E+01	1.34E-02	5.54E+01	1.31E-02	2.27E-03	5.89E+01	1.39E-02	3.97E-03	30.64	3.39E+00	59.33	9.19E+01	2.16E-02	1.17E-02	9.05E+07
63	3379.4	67.8	77.5	55.5	4.15E+09	4.73E+01	2.88	1.32E-02	4.84E+01	1.43E-02	4.76E+01	1.41E-02	1.93E-03	5.08E+01	1.50E-02	3.39E-03	28.91	3.46E+00	56.53	8.27E+01	2.45E-02	9.69E-03	9.48E+07
64	3755.4	71.4	83.6	57.2	4.06E+09	5.16E+01	2.82	1.22E-02	4.88E+01	1.30E-02	4.72E+01	1.26E-02	1.94E-03	5.02E+01	1.34E-02	3.39E-03	32.7	2.64E+00	64.44	8.11E+01	2.16E-02	1.11E-02	9.80E+07
65	4502.8	79.7	94.1	61	3.79E+09	5.76E+01	2.91	1.24E-02	6.03E+01	1.34E-02	5.89E+01	1.31E-02	2.40E-03	6.28E+01	1.39E-02	4.19E-03	29.48	4.09E+00	57.7	1.02E+02	2.27E-02	1.23E-02	9.04E+07
66	2181.9	55	64.6	43.1	4.03E+09	2.97E+01	2.79	1.31E-02	3.03E+01	1.39E-02	3.02E+01	1.38E-02	1.25E-03	3.19E+01	1.46E-02	2.17E-03	21.88	2.12E+00	42.57	4.34E+01	1.99E-02	4.09E-03	6.21E+07
67	2049.2	54.2	64.4	40.5	4.43E+09	3.07E+01	2.82	1.35E-02	2.88E+01	1.41E-02	2.88E+01	1.41E-02	1.18E-03	2.99E+01	1.46E-02	2.03E-03	26.73	1.73E+00	52.5	4.30E+01	2.10E-02	4.96E-03	8.04E+07
68	2392.5	57.3	68.4	44.7	4.25E+09	3.44E+01	2.62	1.19E-02	3.01E+01	1.26E-02	3.07E+01	1.28E-02	1.23E-03	3.29E+01	1.37E-02	2.17E-03	22.4	1.33E+00	44.07	4.10E+01	1.71E-02	4.21E-03	5.82E+07
69	2773.6	61.2	68.6	51.5	3.91E+09	3.66E+01	2.79	1.17E-02	3.68E+01	1.33E-02	3.56E+01	1.28E-02	1.44E-03	3.81E+01	1.37E-02	2.53E-03	33.29	2.36E+00	65.38	6.66E+01	2.40E-02	8.85E-03	1.06E+08
70	5891.2	92.9	113.2	66.3	3.89E+09	7.77E+01	2.86	1.12E-02	7.20E+01	1.22E-02	7.01E+01	1.19E-02	2.85E-03	7.38E+01	1.25E-02	4.98E-03	32.72	4.07E+00	64.52	1.20E+02	2.03E-02	1.63E-02	9.17E+07
71	3178.6	65.5	75.7	53.6	3.86E+09	4.13E+01	2.81	1.24E-02	4.14E+01	1.30E-02	4.07E+01	1.28E-02	1.70E-03	4.29E+01	1.35E-02	2.94E-03	27.26	2.78E+00	53.07	6.50E+01	2.05E-02	7.41E-03	7.71E+07
72	4022.9	74.5	88.8	57.7	4.17E+09	5.66E+01	2.75	1.26E-02	5.45E+01	1.36E-02	5.37E+01	1.34E-02	2.22E-03	5.70E+01	1.42E-02	3.86E-03	27.71	3.65E+00	54.35	8.79E+01	2.18E-02	1.02E-02	8.36E+07
73	3011	69.3	88.5	43.3	4.35E+09	4.40E+01	2.8	1.35E-02	4.29E+01	1.43E-02	4.21E+01	1.40E-02	1.75E-03	4.43E+01	1.47E-02	3.03E-03	29.66	2.59E+00	57.71	6.91E+01	2.29E-02	8.57E-03	9.38E+07
74	3870.5	72.2	86.8	56.8	3.72E+09	4.86E+01	3.08	1.27E-02	5.33E+01	1.38E-02	5.24E+01	1.35E-02	2.11E-03	5.66E+01	1.46E-02	3.72E-03	28.23	4.11E+00	54.71	9.23E+01	2.38E-02	1.03E-02	8.83E+07
75	1949.4	50.8	59.6	41.7	4.24E+09	2.76E+01	2.42	1.17E-02	2.43E+01	1.25E-02	2.42E+01	1.24E-02	1.02E-03	2.54E+01	1.30E-02	1.75E-03	27.2	1.31E+00	53.16	3.20E+01	1.64E-02	4.25E-03	7.14E+07
76	3903.9	76.1	95.2	52.2	4.07E+09	5.34E+01	2.77	1.19E-02	5.04E+01	1.29E-02	4.86E+01	1.25E-02	2.03E-03	5.13E+01	1.31E-02	3.51E-03	33.27	2.65E+00	65.21	8.37E+01	2.14E-02	1.17E-02	9.86E+07
77	3279.8	67.9	80.7	51.7	4.39E+09	4.87E+01	2.79	1.30E-02	4.85E+01	1.48E-02	4.58E+01	1.40E-02	1.88E-03	4.95E+01	1.51E-02	3.26E-03	34.2	2.88E+00	67.33	8.87E+01	2.70E-02	1.22E-02	1.23E+08
78	3258.7	74.6	93.5	44.4	4.61E+09	5.06E+01	3.01	1.48E-02	5.12E+01	1.57E-02	5.09E+01	1.56E-02	2.07E-03	5.49E+01	1.68E-02	3.64E-03	23.16	3.99E+00	44.56	7.78E+01	2.39E-02	7.44E-03	7.56E+07
79	3996.5	77.4	93.9	54.2	4.05E+09	5.46E+01	2.78	1.20E-02	5.01E+01	1.25E-02	4.94E+01	1.24E-02	2.06E-03	5.07E+01	1.27E-02	3.55E-03	27.03	2.60E+00	52.66	6.93E+01	1.73E-02	8.36E-03	6.92E+07
80	2830.6	64.2	78.6	45.9	4.23E+09	4.04E+01	2.78	1.30E-02	4.06E+01	1.43E-02	4.00E+01	1.41E-02	1.62E-03	4.29E+01	1.51E-02	2.84E-03	28.31	3.08E+00	55.36	6.95E+01	2.45E-02	7.91E-03	9.25E+07
81	2352.8	60	72.3	41.4	4.57E+09	3.58E+01	2.29	1.18E-02	3.15E+01	1.34E-02	3.20E+01	1.36E-02	1.30E-03	3.32E+01	1.41E-02	2.28E-03	24.51	1.84E+00	47.78	4.49E+01	1.91E-02	4.91E-03	6.82E+07
82	2680.1	62.7	76.5	44.6	4.39E+09	3.93E+01	2.65	1.30E-02	3.89E+01	1.45E-02	3.74E+01	1.39E-02	1.55E-03	4.00E+01	1.49E-02	2.70E-03	32.31	2.48E+00	63.07	6.99E+01	2.61E-02	9.10E-03	1.11E+08
83	4097.6	76.5	93	56.1	3.80E+09	5.26E+01	3.39	1.34E-02	5.91E+01	1.44E-02	5.80E+01	1.41E-02	2.32E-03	6.26E+01	1.53E-02	4.10E-03	28.05	4.55E+00	53.98	1.01E+02	2.46E-02	1.11E-02	9.02E+07
84	4291.1	77.8	93	58.7	4.01E+09	5.82E+01	3.05	1.28E-02	6.09E+01	1.42E-02	5.82E+01	1.36E-02	2.37E-03	6.24E+01	1.45E-02	4.14E-03	33.27	3.67E+00	65.24	1.08E+02	2.51E-02	1.45E-02	1.12E+08
85	2948.6	62.4	71.2	52.7	3.98E+09	3.97E+01	2.82	1.21E-02	3.95E+01	1.34E-02	3.83E+01	1.30E-02	1.58E-03	4.06E+01	1.38E-02	2.72E-03	31.77	2.46E+00	62.55	6.80E+01	2.30E-02	8.82E-03	9.92E+07
86	4508.4	82.8	103.5	55.5	3.48E+09	5.31E+01	3.42	1.31E-02	6.39E+01	1.42E-02	6.19E+01	1.37E-02	2.52E-03	6.63E+01	1.47E-02	4.37E-03	30.45	4.49E+00	58.87	1.12E+02	2.48E-02	1.34E-02	9.83E+07
87	3954.3	79	99.2	50.8	4.59E+09	6.17E+01	3.3	1.36E-02	6.00E+01	1.52E-02	6.02E+01	1.52E-02	2.33E-03	6.23E+01	1.58E-02	4.14E-03	25.12	4.55E+00	48.9	9.27E+01	2.34E-02	9.54E-03	8.05E+07
88	4423.6	84.5	106	53.1	4.43E+09	6.63E+01	2.83	1.27E-02	6.23E+01	1.41E-02	6.09E+01	1.38E-02	2.47E-03	6.54E+01	1.48E-02	4.33E-03	28.99	4.65E+00	56.91	1.09E+02	2.46E-02	1.26E-02	9.45E+07
89	2146.7	54.2	64	42.7	3.82E+09	2.77E+01	2.78	1.21E-02	2.90E+01	1.35E-02	2.76E+01	1.28E-02	1.14E-03	2.94E+01	1.37E-02	1.98E-03	34.9	1.60E+00	68.67	5.11E+01	2.38E-02	7.27E-03	1.12E+08
90	2282.9	57.5	69.5	41.9	4.39E+09	3.38E+01	2.88	1.39E-02	3.42E+01	1.50E-02	3.38E+01	1.48E-02	1.38E-03	3.57E+01	1.56E-02	2.41E-03	27.15	2.53E+00	52.98	5.53E+01	2.42E-02	6.17E-03	8.94E+07
91	2691.9	60.6	74	46.4	4.09E+09	3.72E+01	2.89	1.26E-02	3.60E+01	1.34E-02	3.60E+01	1.34E-02	1.46E-03	3.73E+01	1.39E-02	2.55E-03	22.37	1.86E+00	43.68	4.79E+01	1.78E-02	4.84E-03	5.96E+07
92																							
93	2304.7	55.2	61.4	47.8	4.09E+09	3.17E+01	2.77	1.22E-02	2.91E+01	1.26E-02	2.90E+01	1.26E-02	1.21E-03	2.97E+01	1.29E-02	2.08E-03	27.1	1.44E+00	52.67	3.92E+01	1.70E-02	4.89E-03	7.00E+07
94	7386.4	98.6	113.6	82.8	3.91E+09	9.78E+01	2.72	1.10E-02	9.25E+01	1.25E-02	9.78E+01	1.32E-02	3.70E-03	1.04E+02	1.41E-02	6.70E-03	20.52	6.59E+00	40.09	1.36E+02	1.85E-02	1.19E-02	5.37E+07
95	2777.3	60.4	72.9	48.5	4.21E+09	3.87E+01	2.56	1.26E-02	3.94E+01	1.42E-02	3.79E+01	1.37E-02	1.58E-03	4.14E+01	1.49E-02	2.78E-03	32.86	2.24E+00	63.7	6.74E+01	2.43E-02	9.17E-03	1.07E+08
96	3391	70	83.5	51.7	4.55E+09	5.21E+01	2.82	1.31E-02	4.88E+01	1.44E-02	4.82E+01	1.42E-02	1.94E-03	5.17E+01	1.53E-02	3.41E-03	27.96	3.73E+00	54.62	8.39E+01	2.47E-02	9.42E-03	9.20E+07
97	3664.7	75.8	93.6	49.8	4.78E+09	5.90E+01	2.54	1.28E-02	4.94E+01	1.35E-02							3.7	7.68E-01	5.15	5.15E+01	1.40E-02	6.10E-04	5.49E+06
98	3657.1	76.9	97.1	47.9	4.59E+09	5.68E+01	2.72	1.26E-02	4.90E+01	1.34E-02	5.06E+01	1.38E-02	2.02E-03	5.34E+01	1.46E-02	3.54E-03	16.09	8.97E-01	31.18	5.49E+01	1.50E-02	4.53E-03	4.11E+07
99	8058.2	106.9	134.2	76.4	3.28E+09	8.89E+01	3.47	1.28E-02	1.12E+02	1.38E-02	1.10E+02	1.36E-02	4.36E-03	1.17E+02	1.45E-02	7.72E-03	27.94	8.45E+00	53.57	1.87E+02	2.32E-02	2.06E-02	8.46E+07
100	2700.1	62.7	77.5	44.4	4.72E+09	4.31E+01	2.68	1.33E-02	3.99E+01	1.48E-02	3.99E+01	1.48E-02	1.61E-03	4.20E+01	1.55E-02	2.81E-03	26.4	3.06E+00	51.71	6.54E+01	2.42E-02	7.06E-03	8.66E+07