RECORD	CROSS-SECTIONAL AREA	MEAN DIAMETER	MAX DIAMETER	MIN DIAMETER	ELASTIC EMOD	ELASTIC GRADIENT	ELASTIC EXT	ELASTIC STRESS	PLATEAU LOAD	PLATEAU STRESS	LOAD 15%	STRESS 15%	WORK 15%	LOAD 25%	STRESS 25%	WORK 25%	YIELD EXT	POSTYIELD GRADIENT	BREAK EXT	BREAK LOAD	BREAK STRESS	TOTAL WORK	TOUGHNESS
1	2963.2	63.9	73.2	51.5	3.826e+009	3.806e+001	3.06	1.244e-002	3.735e+001	1.260e-002	3.645e+001	1.230e-002	1.516e-003	3.750e+001	1.266e-002	2.622e-003	30.67	2.154e+000	59.29	5.870e+001	1.981e-002	7.514e-003	8.353e+007
2	4200.6	73.7	81	66.2	3.823e+009	5.391e+001	3.06	1.262e-002	5.499e+001	1.309e-002	5.360e+001	1.276e-002	2.243e-003	5.735e+001	1.365e-002	3.881e-003	27.6	4.250e+000	53.16	9.225e+001	2.196e-002	1.020e-002	8.001e+007
3	2919.4	62.8	71.2	52.1	4.400e+009	4.290e+001	2.56	1.187e-002	3.708e+001	1.270e-002	3.680e+001	1.261e-002	1.516e-003	3.915e+001	1.341e-002	2.643e-003	26.93	2.198e+000	52.36	5.450e+001	1.867e-002	6.378e-003	7.158e+007
4	4667.4	79.4	97	61.2	3.758e+009	5.913e+001	3.47	1.254e-002	6.167e+001	1.321e-002	6.195e+001	1.327e-002	2.447e-003	6.555e+001	1.404e-002	4.303e-003	22.69	4.212e+000	42.96	8.800e+001	1.885e-002	8.311e-003	5.888e+007
5	3832.7	70	77.7	62.8	3.676e+009	4.733e+001	3	1.241e-002	4.835e+001	1.262e-002	4.800e+001	1.252e-002	1.985e-003	5.025e+001	1.311e-002	3.450e-003	25.94	3.404e+000	50	7.390e+001	1.928e-002	8.010e-003	6.889e+007
6	3286.1	64.6	70.5	59.1	4.223e+009	4.622e+001	2.39	1.156e-002	4.201e+001	1.278e-002	4.250e+001	1.293e-002	1.761e-003	4.445e+001	1.353e-002	3.037e-003	24.12	2.372e+000	46.8	5.830e+001	1.774e-002	6.319e-003	6.284e+007
7	4112.2	72.7	84.5	61.9	4.252e+009	5.887e+001	2.64	1.187e-002	5.170e+001	1.257e-002	5.275e+001	1.283e-002	2.063e-003	5.595e+001	1.361e-002	3.725e-003	22.2	2.820e+000	43.21	7.155e+001	1.740e-002	7.083e-003	5.690e+007
8	3155	64	72.7	55.2	4.291e+009	4.548e+001	2.64	1.249e-002	4.137e+001	1.311e-002	4.110e+001	1.303e-002	1.712e-003	4.465e+001	1.415e-002	2.962e-003	23.27	2.798e+000	45.39	6.070e+001	1.924e-002	6.115e-003	6.388e+007
9	4021.1	75.5	92.4	55.4	4.438e+009	6.046e+001	2.76	1.266e-002	5.260e+001	1.308e-002	5.160e+001	1.283e-002	2.157e-003	5.460e+001	1.358e-002	3.707e-003	25.26	3.314e+000	49.45	7.685e+001	1.911e-002	8.398e-003	6.941e+007
10	3281	68.5	83.4	50.1	4.275e+009	4.651e+001	2.73	1.259e-002	4.224e+001	1.287e-002	4.195e+001	1.279e-002	1.763e-003	4.320e+001	1.317e-002	3.045e-003	27.91	2.641e+000	53.94	6.415e+001	1.955e-002	7.695e-003	7.630e+007
11	2597.6	58	63.4	52.1	3.990e+009	3.461e+001	2.79	1.217e-002	3.341e+001	1.286e-002	3.255e+001	1.253e-002	1.358e-003	3.440e+001	1.324e-002	2.345e-003	30.18	2.309e+000	58.45	5.815e+001	2.239e-002	7.042e-003	8.883e+007
12	3008	62.2	66.2	57.8	3.930e+009	3.971e+001	2.77	1.180e-002	3.668e+001	1.219e-002							3.66	-4.13E+00	4.68	3.610e+001	1.200e-002	3.918e-004	4.293e+006
13	3970.7	75.6	91.3	55.4	3.326e+009	4.441e+001	3.5	1.308e-002	5.296e+001	1.334e-002							3.93	1.200e+001	4.32	5.520e+001	1.390e-002	4.619e-004	3.838e+006
14	2602.6	59	68.9	48.1	4.471e+009	3.914e+001	2.54	1.241e-002	3.503e+001	1.346e-002	3.500e+001	1.345e-002	1.447e-003	3.625e+001	1.393e-002	2.506e-003	26.3	2.032e+000	51.55	5.055e+001	1.942e-002	5.856e-003	7.426e+007
15	2892.9	61.7	69.7	52.9	4.145e+009	4.034e+001	2.9	1.276e-002	3.731e+001	1.290e-002	3.635e+001	1.257e-002	1.547e-003	3.775e+001	1.305e-002	2.649e-003	30.53	2.190e+000	59.64	5.910e+001	2.043e-002	7.602e-003	8.673e+007
16	3119.6	64.8	73.6	54	3.647e+009	3.833e+001	2.91	1.234e-002	3.850e+001	1.234e-002	3.805e+001	1.220e-002	1.579e-003	3.990e+001	1.279e-002	2.734e-003	27.46	2.308e+000	53.47	5.800e+001	1.859e-002	6.799e-003	7.203e+007
17	3207.8	64.1	68.7	59.4	4.051e+009	4.405e+001	2.86	1.261e-002	4.211e+001	1.313e-002	4.185e+001	1.305e-002	1.713e-003	4.345e+001	1.354e-002	2.972e-003	26.5	2.855e+000	52.11	6.530e+001	2.036e-002	7.304e-003	7.572e+007
18	3923.9	71.1	78.7	63.6	4.316e+009	5.714e+001	2.75	1.218e-002	4.893e+001	1.247e-002	4.845e+001	1.235e-002	2.008e-003	4.975e+001	1.268e-002	3.468e-003	29.59	2.637e+000	57.96	7.145e+001	1.821e-002	9.241e-003	7.796e+007
19	3313.4	66.8	77.5	54.5	4.126e+009	4.572e+001	2.92	1.325e-002	4.317e+001	1.303e-002	4.210e+001	1.271e-002	1.794e-003	4.345e+001	1.311e-002	3.066e-003	29.59	2.447e+000	57.15	6.595e+001	1.990e-002	8.328e-003	8.246e+007
20	2197.8	53.7	58.9	47.6	3.872e+009	2.893e+001	4.4	1.283e-002	2.930e+001	1.333e-002	2.890e+001	1.315e-002	1.077e-003	2.980e+001	1.356e-002	1.942e-003	28.85	1.803e+000	54.3	4.370e+001	1.988e-002	5.064e-003	7.686e+007
21	2417.4	56.1	61	50.5	3.932e+009	3.213e+001	2.59	1.113e-002	2.822e+001	1.167e-002	2.920e+001	1.208e-002	1.165e-003	3.080e+001	1.274e-002	2.045e-003	18.81	1.049e+000	37.01	3.690e+001	1.526e-002	3.209e-003	4.402e+007
22	1535.5	44.5	47.3	41.3	4.166e+009	2.144e+001	2.66	1.276e-002	2.018e+001	1.314e-002	2.010e+001	1.309e-002	8.434e-004	2.105e+001	1.371e-002	1.448e-003	25.72	1.250e+000	49.88	2.960e+001	1.928e-002	3.304e-003	7.077e+007
23	2537.1	58	68.1	47.5	4.348e+009	3.702e+001	2.24	1.135e-002	3.160e+001	1.245e-002	3.215e+001	1.267e-002	1.329e-003	3.310e+001	1.305e-002	2.293e-003	20.32	1.194e+000	40.11	3.955e+001	1.559e-002	3.883e-003	5.040e+007
24	5335.3	89.4	109	62.3	3.600e+009	6.466e+001	3.2	1.264e-002	6.753e+001	1.266e-002	6.700e+001	1.256e-002	2.738e-003	6.870e+001	1.288e-002	4.757e-003	27.74	3.148e+000	53.57	9.080e+001	1.702e-002	1.133e-002	7.013e+007
25	5731	88.3	99.4	73.6	3.472e+009	6.717e+001	3.54	1.210e-002	7.035e+001	1.228e-002	6.920e+001	1.207e-002	2.767e-003				10.2	3.021e-001	17.92	7.010e+001	1.223e-002	3.361e-003	1.943e+007
26	4865.4	81.6	92.7	66.9	3.671e+009	5.996e+001	3.1	1.252e-002	6.102e+001	1.254e-002	5.940e+001	1.221e-002	2.509e-003	6.185e+001	1.271e-002	4.308e-003	29.31	3.690e+000	56.82	9.510e+001	1.955e-002	1.173e-002	7.944e+007
27	5694.4	87.8	99.5	73	3.618e+009	6.945e+001	3.11	1.221e-002	7.042e+001	1.237e-002	7.005e+001	1.230e-002	2.878e-003	7.445e+001	1.307e-002	4.986e-003	23.28	4.058e+000	44.87	9.535e+001	1.674e-002	9.929e-003	5.766e+007
28	4360.9	74	77.3	71.8	3.330e+009	4.899e+001	3.08	1.133e-002	5.048e+001	1.157e-002	5.105e+001	1.171e-002	2.070e-003				10.1	9.631e-001	18.57	5.235e+001	1.200e-002	2.603e-003	1.976e+007
29	4700.8	79.1	93	64.3	3.786e+009	6.003e+001	3.04	1.221e-002	6.050e+001	1.287e-002	6.010e+001	1.279e-002	2.466e-003	6.340e+001	1.349e-002	4.291e-003	22.4	3.906e+000	43.25	8.305e+001	1.767e-002	8.203e-003	5.774e+007
30	3417.1	67.2	74.7	58.2	3.130e+009	3.599e+001	3.14	1.201e-002	4.246e+001	1.243e-002	4.250e+001	1.244e-002	1.748e-003	4.555e+001	1.333e-002	3.060e-003	18.81	1.659e+000	35.74	5.310e+001	1.554e-002	4.579e-003	4.422e+007
31	4717.5	79.8	95.3	63	3.853e+009	6.129e+001	2.88	1.237e-002	6.053e+001	1.283e-002	5.880e+001	1.246e-002	2.436e-003	6.235e+001	1.322e-002	4.245e-003	29.11	3.945e+000	56.9	9.905e+001	2.100e-002	1.194e-002	8.374e+007
32																							
33	2279.5	54.3	60.1	48.3	4.218e+009	3.224e+001	2.7	1.294e-002	2.975e+001	1.305e-002	2.940e+001	1.290e-002	1.253e-003	3.040e+001	1.334e-002	2.141e-003	23.22	1.802e+000	44.9	4.075e+001	1.788e-002	4.211e-003	6.076e+007
34	1834	48.6	51.4	45.4	4.409e+009	2.698e+001	2.55	1.287e-002	2.522e+001	1.375e-002	2.500e+001	1.363e-002	1.039e-003	2.720e+001	1.483e-002	1.807e-003	26.81	1.782e+000	52.21	4.065e+001	2.216e-002	4.562e-003	8.142e+007
35	3525.1	68.2	77.5	57.9	3.478e+009	4.139e+001	3.15	1.201e-002	4.351e+001	1.234e-002	4.245e+001	1.204e-002	1.750e-003	4.460e+001	1.265e-002	3.038e-003	29.08	2.856e+000	56.34	7.030e+001	1.994e-002	8.367e-003	7.862e+007
36	4365.6	79.6	95.7	58.2	4.180e+009	6.204e+001	3.17	1.258e-002	5.755e+001	1.318e-002	5.715e+001	1.309e-002	2.270e-003	5.980e+001	1.370e-002	4.000e-003	26.88	4.175e+000	52.57	9.145e+001	2.095e-002	1.010e-002	7.714e+007
37																							
38	3703.3	70.4	79.5	59.2	3.946e+009	4.903e+001	2.76	1.206e-002	4.610e+001	1.245e-002	4.635e+001	1.252e-002	1.901e-003	4.710e+001	1.272e-002	3.289e-003	23.11	2.412e+000	44.63	6.110e+001	1.650e-002	6.387e-003	5.677e+007
39	4283.5	75.6	89.1	61.3	3.807e+009	5.459e+001	2.92	1.216e-002	5.500e+001	1.284e-002	5.515e+001	1.288e-002	2.262e-003	5.790e+001	1.352e-002	3.936e-003	24.37	4.371e+000	46.77	8.520e+001	1.989e-002	8.557e-003	6.560e+007
40	3668	72.2	87.5	53.4	4.267e+009	5.247e+001	2.8	1.258e-002	5.021e+001	1.369e-002	5.080e+001	1.385e-002	2.056e-003	5.415e+001	1.476e-002	3.603e-003	23.22	4.290e+000	44.9	7.950e+001	2.167e-002	7.544e-003	6.766e+007
41	3477.7	71.1	85.6	51.7	3.845e+009	4.498e+001	3.14	1.235e-002	4.565e+001	1.313e-002	4.555e+001	1.310e-002	1.831e-003	4.755e+001	1.367e-002	3.200e-003	26.5	2.880e+000	50.96	6.730e+001	1.935e-002	7.526e-003	7.142e+007
42	3112.6	63.7	68.5	57.9	4.105e+009	4.263e+001	3.24	1.298e-002	4.083e+001	1.312e-002	4.015e+001	1.290e-002	1.649e-003	4.215e+001	1.354e-002	2.869e-003	28.35	2.494e+000	54.11	6.170e+001	1.982e-002	7.377e-003	7.758e+007
43	4332.5	76.4	91.1	60.6	3.997e+009	5.764e+001	3.14	1.304e-002	5.635e+001	1.301e-002	5.465e+001	1.261e-002	2.316e-003	5.670e+001	1.309e-002	3.992e-003	31.45	3.284e+000	60.42	9.250e+001	2.135e-002	1.200e-002	9.049e+007
44	2624.3	58.5	63	53	4.130e+009	3.686e+001	4.97	1.256e-002	3.469e+001	1.322e-002	3.425e+001	1.305e-002	1.191e-003	3.625e+001	1.381e-002	2.230e-003	26.93	2.103e+000	49.88	5.065e+001	1.930e-002	5.331e-003	6.778e+007
45	4226.8	74	82.9	64.9	4.256e+009	6.116e+001	3.3	1.319e-002	5.611e+001	1.328e-002	5.560e+001	1.315e-002	2.226e-003	5.685e+001	1.345e-002	3.890e-003	24.75	3.537e+000	48.1	7.935e+001	1.877e-002	8.443e-003	6.663e+007
46	2691	58.8	63.8	53.7	3.931e+009	3.514e+001	2.67	1.180e-002	3.211e+001	1.193e-002	3.145e+001	1.169e-002	1.337e-003	3.345e+001	1.243e-002	2.317e-003	27.8	1.942e+000	53.85	4.895e+001	1.819e-002	5.831e-003	7.062e+007
47	3736.2	69.4	77.3	61.5	4.103e+009	5.153e+001	2.84	1.233e-002	4.746e+001	1.270e-002	4.690e+001	1.255e-002	1.961e-003	4.905e+001	1.313e-002	3.379e-003	25.46	3.413e+000	49.31	7.225e+001	1.934e-002	7.725e-003	6.819e+007
48	3060.6	64.7	74	52.7	4.506e+009	4.608e+001	2.72	1.307e-002	4.085e+001	1.335e-002	4.140e+001	1.353e-002	1.706e-003	4.190e+001	1.369e-002	2.925e-003	27.01	2.730e+000	52.44	6.305e+001	2.060e-002	7.235e-003	7.748e+007
49	4387.9	76.2	88.8	63	3.343e+009	4.954e+001	3.31	1.201e-002	5.431e+001	1.238e-002	5.435e+001	1.239e-002	2.195e-003	5.800e+001	1.322e-002	3.847e-003	19.28	3.557e+000	36.68	7.275e+001	1.658e-002	6.068e-003	4.582e+007
50	5389.3	86.2	105.5	65	4.091e+009	7.454e+001	3.05	1.272e-002	6.884e+001	1.277e-002	6.820e+001	1.265e-002	2.815e-003	7.075e+001	1.313e-002	4.832e-003	25.77	4.263e+000	49.98	9.845e+001	1.827e-002	1.097e-002	6.752e+007
51	3891.8	72.5	81.9	60.5	4.093e+009	5.324e+001	2.85	1.280e-002	5.126e+001	1.317e-002	5.090e+001	1.308e-002	2.122e-003	5.385e+001	1.384e-002	3.660e-003	25.48	3.286e+000	49.02	7.605e+001	1.954e-002	8.293e-003	6.986e+007
52																							
53																							
54	4445.8	77.2	87.8	64.4	3.744e+009	5.573e+001	2.79	1.166e-002	5.612e+001	1.262e-002	5.540e+001	1.246e-002	2.306e-003	5.905e+001	1.328e-002	4.000e-003	26.27	4.429e+000	50.8	9.230e+001	2.076e-002	9.794e-003	7.235e+007
55	6007.9	89.3	104.2	73.4	4.015e+009	8.202e+001	4	1.287e-002	8.157e+001	1.358e-002	8.145e+001	1.356e-002	3.045e-003	8.360e+001	1.391e-002	5.486e-003	28.09	5.415e+000	53.37	1.252e+002	2.084e-002	1.415e-002	7.855e+007
56	3501	70.8	84.5	52.8	4.345e+009	5.095e+001	2.83	1.311e-002	4.721e+001	1.349e-002	4.715e+001	1.347e-002	1.953e-003	5.025e+001	1.435e-002	3.393e-003	20.8	4.019e+000	39.8	6.965e+001	1.989e-002	6.036e-003	5.666e+007
57	4834.4	80	93.4	65.9	3.819e+009	6.206e+001	2.97	1.258e-002	6.546e+001	1.354e-002	6.425e+001	1.329e-002	2.632e-003	6.875e+001	1.422e-002	4.597e-003	27.97	4.629e+000	54.32	1.086e+002	2.246e-002	1.247e-002	8.504e+007
58	4566.1	76.5	86.4	67.3	0.000e+000	2.132e-010	0.33	6.351e-004	1.270e+001	2.782e-003							2.64	1.067e+001	7.04	4.960e+001	1.086e-002	6.478e-004	4.732e+006
59	4540.8	83.5	105.9	54.6	4.054e+009	6.219e+001	3.12	1.337e-002	6.174e+001	1.360e-002	6.120e+001	1.348e-002	2.505e-003	6.335e+001	1.395e-002	4.350e-003	26.65	4.283e+000	51.61	9.555e+001	2.104e-002	1.060e-002	7.740e+007
60	5591.2	84.9	90.4	78.8	3.922e+009	7.418e+001	3.22	1.266e-002	7.189e+001	1.286e-002	7.115e+001	1.273e-002	2.907e-003	7.460e+001	1.334e-002	5.060e-003	22	4.669e+000	42.32	9.865e+001	1.764e-002	9.445e-003	5.607e+007
61	3100.8	64.9	77.6	50.9	3.856e+009	4.048e+001	2.86	1.174e-002	3.787e+001	1.221e-002	3.760e+001	1.213e-002	1.549e-003	3.955e+001	1.275e-002	2.686e-003	25.17	2.977e+000	49.39	5.980e+001	1.929e-002	6.247e-003	6.691e+007
62	3628.7	69.2	78.6	58.8	4.301e+009	5.213e+001	2.65	1.208e-002	4.722e+001	1.301e-002	4.790e+001	1.320e-002	1.918e-003	4.995e+001	1.377e-002	3.362e-003	26.38	3.368e+000	51.21	7.380e+001	2.034e-002	8.189e-003	7.394e+007
63	2458.1	57.8	68	46	4.223e+009	3.499e+001	2.98	1.345e-002	3.382e+001	1.376e-002	3.360e+001	1.367e-002	1.398e-003	3.510e+001	1.428e-002	2.401e-003	22.72	2.242e+000	43.72	4.715e+001	1.918e-002	4.659e-003	6.268e+007
64	2320.1	54.3	57.3	51.6	3.984e+009	3.082e+001	2.78	1.211e-002	2.837e+001	1.223e-002	2.795e+001	1.205e-002	1.189e-003	2.935e+001	1.265e-002	2.049e-003	26.37	1.982e+000	50.96	4.380e+001	1.888e-002	4.880e-003	6.881e+007
65	3485.6	67.4	74	60	3.954e+009	4.640e+001	2.84	1.204e-002	4.463e+001	1.280e-002	4.400e+001	1.262e-002	1.789e-003	4.670e+001	1.340e-002	3.131e-003	28.53	3.473e+000	55.68	7.790e+001	2.235e-002	8.886e-003	8.419e+007
66	3527.5	68.3	73.2	61.4	5.462e+009	6.474e+001	2.41	1.385e-002	5.397e+001	1.530e-002	5.510e+001	1.562e-002	2.209e-003	5.655e+001	1.603e-002	3.860e-003	23.07	2.320e+000	45.39	7.150e+001	2.027e-002	7.669e-003	7.166e+007
67	3658	68.3	73.6	63.3	3.895e+009	4.834e+001	2.73	1.173e-002	4.427e+001	1.210e-002	4.510e+001	1.233e-002	1.824e-003	4.660e+001	1.274e-002	3.147e-003	21.97	2.240e+000	43.14	5.890e+001	1.610e-002	5.892e-003	5.362e+007
68	1870.3	49	50.8	46.8	4.366e+009	2.754e+001	2.45	1.219e-002	2.479e+001	1.325e-002	2.495e+001	1.334e-002	1.024e-003	2.595e+001	1.387e-002	1.779e-003	21.24	1.841e+000	41.69	3.545e+001	1.895e-002	3.281e-003	5.805e+007
69	4064.3	75.7	90.5	57.2	3.905e+009	5.359e+001	2.78	1.220e-002	5.209e+001	1.282e-002	5.165e+001	1.271e-002	2.104e-003	5.305e+001	1.305e-002	3.654e-003	30.44	3.211e+000	59.62	8.410e+001	2.069e-002	1.069e-002	8.716e+007
70	2635.9	58	63.4	52.9	3.976e+009	3.479e+001	2.83	1.235e-002	3.395e+001	1.288e-002	3.390e+001	1.286e-002	1.416e-003	3.540e+001	1.343e-002	2.441e-003	26.15	2.538e+000	50.08	5.330e+001	2.022e-002	5.780e-003	7.141e+007
71	3088.5	63.7	70.7	55.6	4.213e+009	4.372e+001	2.87	1.285e-002	3.960e+001	1.282e-002	3.870e+001	1.253e-002	1.652e-003	4.085e+001	1.323e-002	2.837e-003	25.74	2.615e+000	49.8	5.815e+001	1.883e-002	6.429e-003	6.861e+007
72	3354.8	65.9	73.9	57.8	4.204e+009	4.754e+001	2.74	1.250e-002	4.364e+001	1.301e-002	4.335e+001	1.292e-002	1.804e-003	4.555e+001	1.358e-002	3.105e-003	24.44	3.177e+000	47.78	6.535e+001	1.948e-002	6.810e-003	6.712e+007
73	2332.6	54.7	57	52.1	3.940e+009	3.073e+001	3.18	1.278e-002	2.919e+001	1.252e-002	2.880e+001	1.235e-002	1.204e-003	2.965e+001	1.271e-002	2.070e-003	25.59	1.837e+000	48.92	4.180e+001	1.792e-002	4.593e-003	6.461e+007
74	4318.1	76.7	89.1	61.7	5.558e+009	8.044e+001	0.66	4.365e-003	1.988e+001	4.603e-003							0.72	6.833e+001	0.92	2.500e+001	5.790e-003	3.951e-005	3.008e+005
75	3764.3	69.7	76.9	62.3	3.960e+009	5.008e+001	3	1.267e-002	5.084e+001	1.350e-002	5.005e+001	1.330e-002	2.054e-003	5.375e+001	1.428e-002	3.569e-003	27.13	3.924e+000	52.27	8.435e+001	2.241e-002	9.202e-003	8.057e+007
76	4446.9	79.5	95.8	59.1	4.079e+009	6.110e+001	3.04	1.309e-002	5.957e+001	1.340e-002	5.940e+001	1.336e-002	2.442e-003	6.230e+001	1.401e-002	4.245e-003	21.48	4.392e+000	41.34	8.485e+001	1.908e-002	7.747e-003	5.757e+007
77	3509.3	67.4	74.4	60	3.733e+009	4.388e+001	2.86	1.218e-002	4.355e+001	1.241e-002	4.300e+001	1.225e-002	1.805e-003	4.430e+001	1.262e-002	3.106e-003	24.61	3.011e+000	47.42	6.260e+001	1.784e-002	6.674e-003	6.250e+007
78	4049.7	74.2	86.5	59.6	4.172e+009	5.683e+001	2.81	1.210e-002	5.069e+001	1.252e-002	4.970e+001	1.227e-002	2.074e-003	5.190e+001	1.282e-002	3.568e-003	30	3.078e+000	58.68	8.085e+001	1.996e-002	1.025e-002	8.350e+007
79	3003.9	63.6	73.5	52	4.402e+009	4.412e+001	2.68	1.268e-002	3.955e+001	1.317e-002	4.020e+001	1.338e-002	1.652e-003	4.080e+001	1.358e-002	2.841e-003	24.71	2.371e+000	47.82	5.555e+001	1.849e-002	6.058e-003	6.602e+007
80	4695.4	80.1	97.2	61.5	4.037e+009	6.443e+001	4.23	1.246e-002	5.910e+001	1.259e-002	5.900e+001	1.257e-002	2.184e-003	6.040e+001	1.286e-002	3.945e-003	23.91	2.448e+000	44.91	7.470e+001	1.591e-002	7.753e-003	5.506e+007
81	3701.3	72.3	87.6	53.8	3.947e+009	4.926e+001	3.14	1.360e-002	5.118e+001	1.383e-002	4.985e+001	1.347e-002	2.045e-003	5.400e+001	1.459e-002	3.588e-003	27.03	3.445e+000	52.1	7.825e+001	2.114e-002	8.803e-003	7.867e+007
82	4731.7	81.1	96.2	62.7	4.126e+009	6.617e+001	2.99	1.275e-002	6.327e+001	1.337e-002	6.280e+001	1.327e-002	2.572e-003	6.555e+001	1.385e-002	4.469e-003	24.21	5.042e+000	47.09	9.695e+001	2.049e-002	9.691e-003	6.811e+007
83	6129.4	89.8	103.2	75.9	3.468e+009	7.168e+001	3.01	1.189e-002	7.763e+001	1.267e-002	8.285e+001	1.352e-002	3.089e-003	8.240e+001	1.344e-002	5.536e-003	20.24	3.714e+000	38.97	1.014e+002	1.654e-002	9.248e-003	4.991e+007
84	3615.6	69.7	84.6	54.5	3.920e+009	4.781e+001	2.98	1.246e-002	4.527e+001	1.252e-002	4.455e+001	1.232e-002	1.881e-003	4.575e+001	1.265e-002	3.197e-003	23.83	2.861e+000	46.04	6.260e+001	1.731e-002	6.542e-003	5.990e+007
85	3841.8	75.2	90.2	54.2	4.251e+009	5.446e+001	3.04	1.325e-002	5.136e+001	1.337e-002	5.100e+001	1.328e-002	2.123e-003	5.335e+001	1.389e-002	3.663e-003	24.44	3.477e+000	46.75	7.475e+001	1.946e-002	7.833e-003	6.670e+007
86	3146.2	64.3	71.1	56.3	4.399e+009	4.662e+001	2.68	1.263e-002	4.324e+001	1.374e-002	4.345e+001	1.381e-002	1.745e-003	4.620e+001	1.468e-002	3.090e-003	24.75	3.033e+000	48.25	6.575e+001	2.090e-002	6.887e-003	7.234e+007
87	4101.7	72.7	75.9	68.8	4.195e+009	5.850e+001	3.3	1.331e-002	5.745e+001	1.401e-002	5.700e+001	1.390e-002	2.253e-003	5.935e+001	1.447e-002	3.974e-003	27.08	4.137e+000	52.57	9.175e+001	2.237e-002	1.011e-002	8.219e+007
88	5875.9	87.3	95.2	78.7	3.817e+009	7.578e+001	3.08	1.187e-002	7.055e+001	1.201e-002	6.980e+001	1.188e-002	2.878e-003	7.250e+001	1.234e-002	4.975e-003	22.8	4.430e+000	44.08	9.720e+001	1.654e-002	9.686e-003	5.464e+007
89	3686	71.3	84.7	55.4	4.151e+009	5.144e+001	2.84	1.225e-002	4.660e+001	1.264e-002	4.625e+001	1.255e-002	1.896e-003	4.905e+001	1.331e-002	3.315e-003	25.66	2.693e+000	49.7	6.690e+001	1.815e-002	7.493e-003	6.704e+007
90	3153.5	63.6	69.9	57.4	3.940e+009	4.224e+001	3.64	1.241e-002	4.076e+001	1.293e-002	4.075e+001	1.292e-002	1.558e-003	4.385e+001	1.391e-002	2.810e-003	22.62	2.522e+000	43.23	5.710e+001	1.811e-002	5.445e-003	5.759e+007
91	2419.5	57.4	68.7	44.8	4.755e+009	3.838e+001	2.45	1.281e-002	3.191e+001	1.319e-002	3.215e+001	1.329e-002	1.354e-003	3.310e+001	1.368e-002	2.310e-003	23.96	1.842e+000	46.68	4.460e+001	1.843e-002	4.797e-003	6.489e+007
92	3770.7	79.5	99.5	48.2	4.635e+009	5.864e+001	2.9	1.392e-002	5.414e+001	1.436e-002							4.87	-1.69E+00	7.21	5.180e+001	1.374e-002	9.612e-004	8.391e+006
93	4454.6	79.8	97.4	58.2	4.075e+009	6.098e+001	3.03	1.317e-002	5.925e+001	1.330e-002	5.815e+001	1.305e-002	2.438e-003	6.055e+001	1.359e-002	4.199e-003	24.85	3.681e+000	47.73	8.385e+001	1.882e-002	9.024e-003	6.677e+007
94	3049	65.2	76.7	50.6	3.633e+009	3.693e+001	3.17	1.327e-002	4.130e+001	1.354e-002	4.260e+001	1.397e-002	1.674e-003	4.200e+001	1.377e-002	2.939e-003	27.31	2.234e+000	52.11	5.710e+001	1.873e-002	6.846e-003	7.345e+007
95	4437.9	77	89.2	63.3	3.856e+009	5.756e+001	3.27	1.301e-002	5.915e+001	1.333e-002	5.850e+001	1.318e-002	2.398e-003	6.080e+001	1.370e-002	4.169e-003	28.61	3.754e+000	55.18	9.230e+001	2.080e-002	1.099e-002	8.175e+007
96	2598.1	59.5	69.4	47.7	4.357e+009	3.812e+001	2.64	1.239e-002	3.360e+001	1.293e-002	3.355e+001	1.291e-002	1.382e-003	3.660e+001	1.409e-002	2.429e-003	21.44	1.867e+000	41.86	4.690e+001	1.805e-002	4.456e-003	5.666e+007
97	6214	90.4	97.5	81.1	3.988e+009	8.348e+001	2.91	1.214e-002	7.719e+001	1.242e-002	7.655e+001	1.232e-002	3.165e-003	7.910e+001	1.273e-002	5.478e-003	27.26	5.142e+000	52.88	1.161e+002	1.868e-002	1.358e-002	7.222e+007
98	3697.7	71.2	81.7	57.7	4.258e+009	5.283e+001	3.26	1.321e-002	5.004e+001	1.353e-002	4.970e+001	1.344e-002	2.013e-003	5.265e+001	1.424e-002	3.523e-003	20.8	4.039e+000	39.24	7.125e+001	1.927e-002	6.136e-003	5.462e+007
99	2573.2	59.3	66.5	49.2	4.278e+009	3.611e+001	2.54	1.277e-002	3.422e+001	1.330e-002	3.415e+001	1.327e-002	1.460e-003	3.525e+001	1.370e-002	2.510e-003	25.8	2.480e+000	49.49	5.290e+001	2.056e-002	5.789e-003	7.238e+007
100	3985.9	74.6	90.6	56	4.352e+009	5.843e+001	2.68	1.227e-002	5.179e+001	1.299e-002	5.195e+001	1.303e-002	2.100e-003	5.355e+001	1.343e-002	3.686e-003	26.9	3.457e+000	52.71	7.955e+001	1.996e-002	9.119e-003	7.560e+007