RECORD	CROSS-SECTIONAL AREA	MEAN DIAMETER	MAX DIAMETER	MIN DIAMETER	ELASTIC EMOD	ELASTIC GRADIENT	ELASTIC EXT	ELASTIC STRESS	PLATEAU LOAD	PLATEAU STRESS	LOAD 15%	STRESS 15%	WORK 15%	LOAD 25%	STRESS 25%	WORK 25%	YIELD EXT	POSTYIELD GRADIENT	BREAK EXT	BREAK LOAD	BREAK STRESS	TOTAL WORK	TOUGHNESS
1	4828.3	80.5	95.7	64.2	3.617e+009	5.907e+001	3.58	1.242e-002	6.339e+001	1.313e-002	6.165e+001	1.277e-002	2.468e-003	6.575e+001	1.362e-002	4.322e-003	30.66	4.059e+000	59.12	1.054e+002	2.183e-002	1.302e-002	8.949e+007
2	3954.2	76.8	94.8	53.1	4.387e+009	5.843e+001	2.58	1.228e-002	5.206e+001	1.317e-002	5.360e+001	1.356e-002	2.139e-003	5.715e+001	1.445e-002	3.823e-003	18.97	1.925e+000	36.88	6.910e+001	1.747e-002	5.959e-003	4.980e+007
3	3592	76	97.1	47.1	4.339e+009	5.285e+001	3.03	1.350e-002	4.842e+001	1.348e-002	4.760e+001	1.325e-002	1.984e-003	4.890e+001	1.361e-002	3.415e-003	26.15	3.057e+000	51.2	7.020e+001	1.954e-002	7.961e-003	7.373e+007
4	4177.7	73.9	82.1	64.8	4.079e+009	5.676e+001	2.78	1.179e-002	5.015e+001	1.200e-002	4.990e+001	1.194e-002	2.079e-003	5.230e+001	1.252e-002	3.610e-003	23.56	2.845e+000	45.1	6.880e+001	1.647e-002	7.189e-003	5.624e+007
5	3738	70.2	78.4	60.7	4.130e+009	5.228e+001	2.86	1.219e-002	4.581e+001	1.225e-002	4.520e+001	1.209e-002	1.888e-003	4.640e+001	1.241e-002	3.225e-003	25.22	2.976e+000	49.44	6.590e+001	1.763e-002	7.240e-003	6.435e+007
6	3957.9	76.6	92.8	54.3	4.059e+009	5.441e+001	3.12	1.287e-002	5.168e+001	1.306e-002	5.135e+001	1.297e-002	2.097e-003	5.395e+001	1.363e-002	3.624e-003	25.02	3.454e+000	48.67	7.560e+001	1.910e-002	8.092e-003	6.792e+007
7	2980.7	65.5	76.7	49.5	3.854e+009	3.843e+001	2.95	1.290e-002	4.021e+001	1.349e-002							4.4	-2.28E+00	6.17	4.010e+001	1.345e-002	6.007e-004	6.614e+006
8	4008	72.9	84.7	60.3	3.932e+009	5.354e+001	4.3	1.366e-002	5.709e+001	1.424e-002	5.660e+001	1.412e-002	2.138e-003	5.920e+001	1.477e-002	3.821e-003	23.87	3.705e+000	44.5	7.965e+001	1.987e-002	7.733e-003	6.431e+007
9	2491	57.7	67	47.3	4.333e+009	3.670e+001	3.17	1.351e-002	3.636e+001	1.460e-002	3.715e+001	1.491e-002	1.401e-003	3.860e+001	1.550e-002	2.535e-003	25.12	1.951e+000	48.87	5.120e+001	2.055e-002	5.606e-003	7.507e+007
10	4644.2	80.2	96.7	61.2	4.035e+009	6.344e+001	3.09	1.269e-002	6.207e+001	1.336e-002	6.195e+001	1.334e-002	2.497e-003	6.570e+001	1.415e-002	4.408e-003	21.89	4.875e+000	42.41	9.130e+001	1.966e-002	8.384e-003	5.995e+007
11	2911.9	62.6	70.1	52.9	3.962e+009	3.909e+001	2.83	1.214e-002	3.690e+001	1.267e-002	3.750e+001	1.288e-002	1.501e-003	3.830e+001	1.315e-002	2.618e-003	22.41	2.339e+000	43.72	4.990e+001	1.714e-002	5.040e-003	5.754e+007
12	4493.5	77	88	65.1	3.614e+009	5.489e+001	3.12	1.250e-002	5.851e+001	1.302e-002	5.770e+001	1.284e-002	2.340e-003	6.090e+001	1.355e-002	4.126e-003	25.93	3.871e+000	50.1	8.655e+001	1.926e-002	9.503e-003	7.012e+007
13	3363.9	66.5	74.6	57.5	4.079e+009	4.622e+001	2.68	1.197e-002	4.271e+001	1.270e-002	4.275e+001	1.271e-002	1.741e-003	4.375e+001	1.301e-002	3.025e-003	30.7	2.080e+000	60.21	6.450e+001	1.917e-002	8.666e-003	8.514e+007
14	3237.5	69.9	86.6	47.6	4.850e+009	5.271e+001	2.11	1.141e-002	4.168e+001	1.287e-002	4.220e+001	1.303e-002	1.761e-003				12.62	2.191e-001	24.74	4.340e+001	1.341e-002	2.990e-003	3.042e+007
15	2616.9	57.6	60.1	55.5	4.049e+009	3.590e+001	3.02	1.278e-002	3.449e+001	1.318e-002	3.405e+001	1.301e-002	1.409e-003	3.530e+001	1.349e-002	2.418e-003	27.98	2.179e+000	54.54	5.425e+001	2.073e-002	6.357e-003	8.073e+007
16	3589.6	70	80.6	56.7	3.523e+009	4.265e+001	3.28	1.240e-002	4.438e+001	1.236e-002	4.350e+001	1.212e-002	1.783e-003	4.540e+001	1.265e-002	3.111e-003	28.76	2.616e+000	55.59	6.610e+001	1.841e-002	8.082e-003	7.450e+007
17	4322.2	75	83.7	65.7	3.387e+009	4.942e+001	3.28	1.266e-002	5.635e+001	1.304e-002	5.610e+001	1.298e-002	2.264e-003	5.965e+001	1.380e-002	3.973e-003	22.72	4.498e+000	43.39	8.425e+001	1.949e-002	7.861e-003	6.024e+007
18	3986.5	72.4	80.4	63.2	4.008e+009	5.375e+001	2.81	1.195e-002	5.100e+001	1.279e-002	5.195e+001	1.303e-002	2.099e-003	5.640e+001	1.415e-002	3.697e-003	19.6	2.994e+000	37.72	7.105e+001	1.782e-002	6.053e-003	5.011e+007
19	3717.8	71.3	83	57.1	4.153e+009	5.201e+001	2.91	1.296e-002	4.872e+001	1.310e-002	4.770e+001	1.283e-002	2.029e-003	4.915e+001	1.322e-002	3.472e-003	19.33	2.236e+000	37.08	5.945e+001	1.599e-002	5.371e-003	4.775e+007
20	2688.3	58.7	62.3	54.9	4.035e+009	3.678e+001	2.89	1.294e-002	3.493e+001	1.299e-002	3.460e+001	1.287e-002	1.433e-003	3.640e+001	1.354e-002	2.484e-003	22.65	2.141e+000	44.41	4.830e+001	1.797e-002	4.857e-003	6.011e+007
21	4866.9	78.7	85.7	72.3	3.911e+009	6.429e+001	3.08	1.254e-002	6.234e+001	1.281e-002	6.180e+001	1.270e-002	2.555e-003	6.475e+001	1.330e-002	4.425e-003	19.52	3.278e+000	37.28	7.970e+001	1.638e-002	6.975e-003	4.749e+007
22	6607.2	97.6	120.5	69.8	3.975e+009	8.905e+001	2.93	1.185e-002	8.235e+001	1.246e-002	8.390e+001	1.270e-002	3.338e-003	8.800e+001	1.332e-002	5.912e-003	19.39	4.199e+000	37.82	1.093e+002	1.653e-002	9.509e-003	4.788e+007
23	4819.6	80.9	93.6	65.5	4.149e+009	6.781e+001	2.89	1.221e-002	6.176e+001	1.282e-002	6.130e+001	1.272e-002	2.495e-003	6.530e+001	1.355e-002	4.364e-003	24.98	4.139e+000	49.07	9.140e+001	1.896e-002	9.824e-003	6.781e+007
24	3697	68.5	72.4	64.9	3.583e+009	4.478e+001	3.28	1.317e-002	5.103e+001	1.380e-002	5.100e+001	1.379e-002	2.052e-003	5.400e+001	1.461e-002	3.576e-003	24.05	3.768e+000	46.27	7.660e+001	2.072e-002	7.642e-003	6.856e+007
25	3418.9	70	84.5	51.5	3.783e+009	4.340e+001	3.03	1.259e-002	4.480e+001	1.310e-002	4.425e+001	1.294e-002	1.817e-003	4.690e+001	1.372e-002	3.172e-003	25.41	3.458e+000	48.85	6.985e+001	2.043e-002	7.297e-003	7.025e+007
26	3475.1	68.1	78.7	56.3	3.632e+009	4.274e+001	3.46	1.322e-002	4.603e+001	1.325e-002	4.500e+001	1.295e-002	1.847e-003	4.730e+001	1.361e-002	3.184e-003	28.5	3.093e+000	54.88	7.335e+001	2.111e-002	8.529e-003	8.154e+007
27	3532.2	70.3	83.8	53.8	3.687e+009	4.407e+001	2.92	1.234e-002	4.544e+001	1.287e-002	4.535e+001	1.284e-002	1.839e-003	4.790e+001	1.356e-002	3.225e-003	23.01	3.303e+000	44.89	6.300e+001	1.784e-002	6.553e-003	6.160e+007
28	3286.4	66.3	74.3	56.3	3.898e+009	4.331e+001	2.95	1.308e-002	4.561e+001	1.388e-002	4.640e+001	1.412e-002	1.854e-003	4.810e+001	1.464e-002	3.221e-003	24.41	3.406e+000	47.66	7.035e+001	2.141e-002	7.177e-003	7.243e+007
29	5113.6	80.9	87.9	74	3.980e+009	6.888e+001	2.92	1.237e-002	6.565e+001	1.284e-002	6.495e+001	1.270e-002	2.653e-003	6.890e+001	1.347e-002	4.644e-003	25.33	4.474e+000	49.54	9.365e+001	1.831e-002	1.065e-002	6.912e+007
30	5181	83.1	97.6	67.6	4.142e+009	7.277e+001	3.03	1.286e-002	6.982e+001	1.348e-002	6.910e+001	1.334e-002	2.818e-003	7.375e+001	1.423e-002	4.929e-003	24.78	5.725e+000	48.3	1.115e+002	2.151e-002	1.125e-002	7.225e+007
31	4769.7	78.8	89.6	67.8	3.985e+009	6.425e+001	2.95	1.201e-002	5.807e+001	1.217e-002	5.705e+001	1.196e-002	2.408e-003	5.940e+001	1.245e-002	4.092e-003	21.92	3.231e+000	42.62	7.660e+001	1.606e-002	7.569e-003	5.264e+007
32	3445.7	68.5	80.3	54.6	4.215e+009	4.920e+001	2.92	1.307e-002	4.629e+001	1.344e-002	4.620e+001	1.341e-002	1.897e-003	4.745e+001	1.377e-002	3.262e-003	23.89	3.189e+000	46.76	6.680e+001	1.939e-002	6.880e-003	6.636e+007
33	3992	74	85.6	59.4	3.965e+009	5.369e+001	2.93	1.265e-002	5.279e+001	1.322e-002	5.225e+001	1.309e-002	2.148e-003	5.575e+001	1.397e-002	3.707e-003	24.83	4.287e+000	48.72	8.490e+001	2.127e-002	8.637e-003	7.200e+007
34	3959.3	70.7	77.1	65.4	3.436e+009	4.618e+001	3	1.152e-002	4.776e+001	1.206e-002	4.670e+001	1.179e-002	1.906e-003	4.860e+001	1.227e-002	3.316e-003	31.14	3.026e+000	61.07	8.010e+001	2.023e-002	1.018e-002	8.560e+007
35	5125.9	82.7	97.6	66.9	3.937e+009	6.842e+001	3.03	1.258e-002	6.620e+001	1.291e-002	6.660e+001	1.299e-002	2.692e-003	6.900e+001	1.346e-002	4.692e-003	23.45	4.746e+000	45.78	9.675e+001	1.887e-002	9.705e-003	6.298e+007
36	3816.5	72	83.2	58.5	4.257e+009	5.496e+001	2.89	1.306e-002	4.968e+001	1.302e-002	4.865e+001	1.275e-002	2.040e-003	5.045e+001	1.322e-002	3.506e-003	28.01	2.886e+000	54.73	7.375e+001	1.932e-002	8.935e-003	7.771e+007
37	3830.4	73.1	89.4	54.5	4.050e+009	5.267e+001	3.16	1.274e-002	4.922e+001	1.285e-002	4.890e+001	1.277e-002	1.994e-003	5.095e+001	1.330e-002	3.470e-003	23.22	3.222e+000	45.17	6.940e+001	1.812e-002	6.981e-003	6.071e+007
38	4617.4	79.9	97.1	60.5	4.201e+009	6.576e+001	2.99	1.271e-002	6.110e+001	1.323e-002	6.020e+001	1.304e-002	2.475e-003	6.445e+001	1.396e-002	4.311e-003	25.14	4.647e+000	49.02	9.660e+001	2.092e-002	1.002e-002	7.218e+007
39	5636	86.6	97	74	3.986e+009	7.602e+001	3.05	1.254e-002	7.688e+001	1.364e-002	7.845e+001	1.392e-002	2.997e-003	8.170e+001	1.450e-002	5.411e-003	25.53	5.487e+000	49.54	1.182e+002	2.096e-002	1.255e-002	7.391e+007
40	2740.5	60.3	69.1	50.5	4.245e+009	3.955e+001	3.44	1.390e-002	3.894e+001	1.421e-002	3.870e+001	1.412e-002	1.532e-003	4.050e+001	1.478e-002	2.700e-003	22.82	2.697e+000	43.83	5.530e+001	2.018e-002	5.311e-003	6.464e+007
41	4904	78.8	86	72.7	3.914e+009	6.510e+001	2.93	1.226e-002	6.182e+001	1.261e-002	6.130e+001	1.250e-002	2.534e-003	6.295e+001	1.284e-002	4.339e-003	24.46	4.023e+000	47.75	8.860e+001	1.807e-002	9.378e-003	6.364e+007
42	6059.8	95.2	114.8	67.2	4.173e+009	8.549e+001	2.82	1.206e-002	7.712e+001	1.273e-002	7.690e+001	1.269e-002	3.167e-003	7.995e+001	1.319e-002	5.444e-003	23.05	5.120e+000	44.94	1.088e+002	1.795e-002	1.093e-002	5.980e+007
43	3493.2	66.8	70	63.5	4.099e+009	4.834e+001	2.72	1.205e-002	4.759e+001	1.362e-002	4.890e+001	1.400e-002	1.889e-003	5.145e+001	1.473e-002	3.379e-003	24.08	3.430e+000	47.3	7.285e+001	2.085e-002	7.399e-003	7.016e+007
44	5701.7	86.8	98.1	74	3.576e+009	6.888e+001	3.08	1.261e-002	7.315e+001	1.283e-002	7.285e+001	1.278e-002	2.987e-003	7.605e+001	1.334e-002	5.188e-003	20.29	3.871e+000	38.85	9.510e+001	1.668e-002	8.595e-003	4.996e+007
45	3780.8	75	91.5	52.7	4.120e+009	5.263e+001	2.98	1.256e-002	4.889e+001	1.293e-002	4.805e+001	1.271e-002	1.998e-003	4.900e+001	1.296e-002	3.435e-003	20.88	2.510e+000	40.4	6.215e+001	1.644e-002	5.894e-003	5.167e+007
46	4184.3	80.7	100.7	52.9	3.948e+009	5.579e+001	3.08	1.248e-002	5.369e+001	1.283e-002	5.275e+001	1.261e-002	2.182e-003	5.575e+001	1.332e-002	3.781e-003	26.41	4.145e+000	51.36	8.705e+001	2.080e-002	9.360e-003	7.412e+007
47	3847.8	71.1	80.7	60.7	3.800e+009	4.954e+001	2.83	1.157e-002	4.583e+001	1.191e-002	4.540e+001	1.180e-002	1.865e-003	4.780e+001	1.242e-002	3.241e-003	24.9	3.332e+000	48.97	6.985e+001	1.815e-002	7.377e-003	6.373e+007
48	3972.8	71.6	78.7	64.2	3.196e+009	4.293e+001	3.48	1.204e-002	4.909e+001	1.236e-002	4.905e+001	1.235e-002	1.926e-003	5.355e+001	1.348e-002	3.458e-003	22.56	2.741e+000	42.9	6.825e+001	1.718e-002	6.570e-003	5.487e+007
49	3972.9	73	84.8	59.7	3.510e+009	4.714e+001	3.28	1.261e-002	5.003e+001	1.259e-002	4.870e+001	1.226e-002	2.033e-003	5.125e+001	1.290e-002	3.486e-003	29.29	2.755e+000	56.55	7.395e+001	1.861e-002	9.259e-003	7.730e+007
50	3694.3	68.7	75.9	61.9	4.348e+009	5.443e+001	3.06	1.357e-002	5.075e+001	1.374e-002	4.985e+001	1.349e-002	2.052e-003	5.295e+001	1.433e-002	3.569e-003	25.3	3.811e+000	49.14	7.885e+001	2.134e-002	8.270e-003	7.442e+007
51	1958.6	51.2	57.8	43.2	4.101e+009	2.714e+001	2.88	1.381e-002	2.812e+001	1.435e-002	2.835e+001	1.447e-002	1.140e-003	2.940e+001	1.501e-002	1.997e-003	25.32	2.156e+000	49.49	4.385e+001	2.239e-002	4.637e-003	7.847e+007
52	6738.6	102.9	130.5	65.7	3.540e+009	8.084e+001	3.66	1.327e-002	8.988e+001	1.334e-002	8.920e+001	1.324e-002	3.548e-003	9.275e+001	1.376e-002	6.247e-003	24.53	6.232e+000	46.64	1.302e+002	1.932e-002	1.324e-002	6.533e+007
53	4392.2	78.3	93.8	59.6	3.799e+009	5.640e+001	3.25	1.260e-002	5.703e+001	1.298e-002	5.600e+001	1.275e-002	2.299e-003	5.940e+001	1.352e-002	3.998e-003	27.69	4.254e+000	53.42	9.125e+001	2.078e-002	1.044e-002	7.880e+007
54	2919.9	61.6	67.9	54.6	3.867e+009	3.830e+001	2.8	1.151e-002	3.573e+001	1.224e-002	3.535e+001	1.211e-002	1.417e-003	3.975e+001	1.361e-002	2.511e-003	25.82	2.017e+000	50.85	5.485e+001	1.878e-002	6.070e-003	6.918e+007
55	3903.4	71.4	79.5	62.5	3.955e+009	5.236e+001	3.06	1.298e-002	5.225e+001	1.339e-002	5.155e+001	1.321e-002	2.114e-003	5.410e+001	1.386e-002	3.647e-003	26.79	3.907e+000	52.21	8.465e+001	2.169e-002	9.252e-003	7.888e+007
56	5323.5	82.3	87.1	77.8	3.675e+009	6.607e+001	3.18	1.246e-002	6.906e+001	1.297e-002	6.800e+001	1.277e-002	2.779e-003	7.125e+001	1.338e-002	4.839e-003	28.16	4.362e+000	54.67	1.072e+002	2.013e-002	1.268e-002	7.895e+007
57	4725.6	81.6	97.3	61.8	3.875e+009	6.182e+001	3.05	1.265e-002	6.148e+001	1.301e-002	6.110e+001	1.293e-002	2.492e-003	6.270e+001	1.327e-002	4.324e-003	27.39	4.217e+000	53.06	9.575e+001	2.026e-002	1.089e-002	7.635e+007
58	4579.6	76.9	82	71.1	3.461e+009	5.346e+001	3.41	1.263e-002	5.863e+001	1.280e-002	5.835e+001	1.274e-002	2.369e-003	6.070e+001	1.325e-002	4.131e-003	20.48	3.395e+000	38.82	7.655e+001	1.672e-002	6.881e-003	4.972e+007
59	5789.7	89.5	110.7	66.7	4.099e+009	8.047e+001	2.79	1.162e-002	7.110e+001	1.228e-002	7.085e+001	1.224e-002	2.911e-003	7.495e+001	1.295e-002	5.062e-003	20.53	5.113e+000	40.12	9.985e+001	1.725e-002	8.887e-003	5.106e+007
60	5262	88.9	111.3	60.2	4.077e+009	7.239e+001	2.85	1.269e-002	6.883e+001	1.308e-002	6.765e+001	1.286e-002	2.776e-003	7.165e+001	1.362e-002	4.854e-003	28.83	4.451e+000	56.44	1.089e+002	2.070e-002	1.318e-002	8.288e+007
61	3073.9	64.5	74.9	52.3	4.118e+009	4.304e+001	3.4	1.316e-002	4.126e+001	1.342e-002	4.070e+001	1.324e-002	1.618e-003	4.175e+001	1.358e-002	2.836e-003	29.99	2.324e+000	58.21	6.205e+001	2.019e-002	7.860e-003	8.529e+007
62	4698.2	84	104	57.5	4.245e+009	6.739e+001	2.98	1.296e-002	6.359e+001	1.353e-002	6.310e+001	1.343e-002	2.582e-003	6.680e+001	1.422e-002	4.501e-003	24.33	5.136e+000	47.17	9.880e+001	2.103e-002	9.888e-003	6.976e+007
63	4354.3	75.7	85.5	65	3.856e+009	5.686e+001	3.12	1.260e-002	5.658e+001	1.299e-002							7.48	-3.83E-01	13.22	5.440e+001	1.249e-002	1.956e-003	1.493e+007
64	4050	72.5	83.8	61.6	4.156e+009	5.691e+001	2.85	1.231e-002	5.066e+001	1.251e-002	5.025e+001	1.241e-002	2.080e-003	5.140e+001	1.269e-002	3.563e-003	29.49	2.803e+000	57.71	7.580e+001	1.872e-002	9.670e-003	7.919e+007
65	6155.9	93.9	112.1	69.9	3.544e+009	7.402e+001	3.33	1.187e-002	7.631e+001	1.240e-002	7.765e+001	1.261e-002	3.045e-003	7.890e+001	1.282e-002	5.325e-003	24.87	5.501e+000	48	1.138e+002	1.848e-002	1.176e-002	6.358e+007
66	5147.2	82	90.5	72.4	3.911e+009	6.802e+001	3.22	1.263e-002	6.603e+001	1.283e-002	6.510e+001	1.265e-002	2.675e-003	6.730e+001	1.307e-002	4.630e-003	28.6	4.303e+000	55.49	1.033e+002	2.007e-002	1.230e-002	7.918e+007
67	4182.2	75.3	86.4	61.7	4.074e+009	5.760e+001	2.95	1.266e-002	5.470e+001	1.308e-002	5.440e+001	1.301e-002	2.254e-003	5.635e+001	1.347e-002	3.859e-003	22.69	3.637e+000	43.98	7.625e+001	1.823e-002	7.549e-003	5.986e+007
68	3558.1	67.5	73.6	61.5	3.826e+009	4.588e+001	2.98	1.223e-002	4.521e+001	1.271e-002	4.525e+001	1.272e-002	1.865e-003	4.680e+001	1.315e-002	3.213e-003	21.36	2.362e+000	41.24	5.955e+001	1.674e-002	5.703e-003	5.300e+007
69	2969	63.2	70.3	53.7	3.992e+009	4.005e+001	2.85	1.275e-002	3.831e+001	1.290e-002	3.825e+001	1.288e-002	1.579e-003	3.965e+001	1.335e-002	2.726e-003	23	2.350e+000	44.85	5.330e+001	1.795e-002	5.414e-003	6.044e+007
70	4564.1	79.7	94	61.8	4.219e+009	6.519e+001	2.86	1.227e-002	5.794e+001	1.270e-002	5.705e+001	1.250e-002	2.371e-003	6.025e+001	1.320e-002	4.104e-003	25.97	4.348e+000	50.95	9.230e+001	2.022e-002	9.967e-003	7.253e+007
71	6045	89.6	101.1	76.1	3.406e+009	6.968e+001	3.39	1.284e-002	8.029e+001	1.328e-002	7.855e+001	1.299e-002	3.197e-003	8.460e+001	1.399e-002	5.598e-003	27.26	6.012e+000	52.46	1.326e+002	2.193e-002	1.442e-002	7.920e+007
72	6963.9	102.1	123.1	72	4.164e+009	9.836e+001	3.03	1.283e-002	9.098e+001	1.306e-002	9.025e+001	1.296e-002	3.722e-003	9.220e+001	1.324e-002	6.364e-003	26.22	5.901e+000	51.05	1.342e+002	1.926e-002	1.504e-002	7.189e+007
73	4496	79.1	94.7	60.5	3.662e+009	5.597e+001	3.87	1.346e-002	6.010e+001	1.337e-002	5.990e+001	1.332e-002	2.328e-003	6.125e+001	1.362e-002	4.125e-003	22.98	3.177e+000	43.43	7.860e+001	1.748e-002	7.822e-003	5.803e+007
74	4969.3	81.3	92.8	68.2	4.031e+009	6.773e+001	3.05	1.255e-002	6.459e+001	1.300e-002	6.350e+001	1.278e-002	2.636e-003	6.645e+001	1.337e-002	4.521e-003	26.53	4.652e+000	51.51	1.009e+002	2.029e-002	1.110e-002	7.412e+007
75	6040.2	88.1	98.8	77.8	3.950e+009	8.102e+001	3.13	1.276e-002	7.986e+001	1.322e-002	7.935e+001	1.314e-002	3.210e-003	8.365e+001	1.385e-002	5.608e-003	24.58	6.297e+000	47.9	1.250e+002	2.069e-002	1.262e-002	6.959e+007
76	5878.6	89.9	108.1	69.2	3.527e+009	7.032e+001	3.16	1.193e-002	7.178e+001	1.221e-002	7.050e+001	1.199e-002	2.909e-003	7.305e+001	1.243e-002	4.991e-003	27.75	4.866e+000	54.14	1.134e+002	1.928e-002	1.304e-002	7.384e+007
77	4138.5	78	95.3	55.3	4.548e+009	6.385e+001	2.96	1.350e-002	5.613e+001	1.356e-002	5.550e+001	1.341e-002	2.311e-003	5.720e+001	1.382e-002	3.944e-003	24.49	3.403e+000	47.82	7.885e+001	1.905e-002	8.471e-003	6.812e+007
78	3626.7	68.9	76.4	60.5	4.104e+009	5.022e+001	2.98	1.301e-002	4.897e+001	1.350e-002	4.815e+001	1.328e-002	1.991e-003	5.175e+001	1.427e-002	3.462e-003	26.12	3.632e+000	50.65	7.800e+001	2.151e-002	8.403e-003	7.670e+007
79	6376	94	111.8	72.6	4.061e+009	8.771e+001	3.26	1.308e-002	8.591e+001	1.347e-002	8.535e+001	1.339e-002	3.492e-003	8.815e+001	1.383e-002	6.014e-003	22.93	5.842e+000	44.27	1.205e+002	1.890e-002	1.190e-002	6.204e+007
80	3133.7	65.5	77.3	51.6	4.192e+009	4.388e+001	2.79	1.251e-002	4.168e+001	1.330e-002	4.265e+001	1.361e-002	1.701e-003	4.525e+001	1.444e-002	3.006e-003	21	2.060e+000	40.3	5.595e+001	1.785e-002	5.270e-003	5.510e+007
81	4490.4	76.3	85.3	67	4.118e+009	6.229e+001	2.91	1.237e-002	5.992e+001	1.334e-002	6.020e+001	1.341e-002	2.440e-003	6.275e+001	1.397e-002	4.253e-003	25.15	4.175e+000	48.84	9.125e+001	2.032e-002	9.646e-003	7.099e+007
82	5248.6	84.3	99.1	67.4	3.315e+009	5.876e+001	3.58	1.230e-002	6.544e+001	1.247e-002	6.400e+001	1.219e-002	2.595e-003	6.780e+001	1.292e-002	4.539e-003	27.4	4.889e+000	52.52	1.052e+002	2.004e-002	1.155e-002	7.293e+007
83	4004.2	75	87.6	58.3	4.265e+009	5.729e+001	2.9	1.287e-002	5.415e+001	1.352e-002	5.410e+001	1.351e-002	2.213e-003	5.745e+001	1.435e-002	3.874e-003	22.15	3.934e+000	42.69	7.870e+001	1.965e-002	7.421e-003	6.101e+007
84	3192.5	66.2	75.1	54.2	4.048e+009	4.370e+001	2.72	1.247e-002	4.164e+001	1.304e-002	4.205e+001	1.317e-002	1.708e-003	4.270e+001	1.338e-002	2.943e-003	25.97	2.625e+000	50.95	6.115e+001	1.915e-002	6.906e-003	7.174e+007
85	4319.4	76.6	89.2	61.7	3.746e+009	5.447e+001	3.1	1.270e-002	5.682e+001	1.315e-002	5.645e+001	1.307e-002	2.311e-003	5.990e+001	1.387e-002	4.034e-003	23.15	4.353e+000	44.35	8.460e+001	1.959e-002	8.138e-003	6.222e+007
86	4285.1	75.9	87.8	62.2	3.570e+009	5.150e+001	3.2	1.198e-002	5.397e+001	1.259e-002	5.420e+001	1.265e-002	2.165e-003	5.730e+001	1.337e-002	3.821e-003	23.51	4.294e+000	44.91	8.180e+001	1.909e-002	7.867e-003	6.063e+007
87	4375.4	81.1	101.6	54.8	4.225e+009	6.219e+001	3	1.312e-002	5.966e+001	1.363e-002	5.835e+001	1.334e-002	2.420e-003	6.195e+001	1.416e-002	4.198e-003	29.01	4.102e+000	56.14	9.945e+001	2.273e-002	1.171e-002	8.830e+007
88	4626.4	77	83.9	70.2	3.868e+009	6.076e+001	3.03	1.260e-002	6.151e+001	1.330e-002	6.120e+001	1.323e-002	2.476e-003	6.575e+001	1.421e-002	4.337e-003	24.58	4.884e+000	48.1	9.940e+001	2.149e-002	9.929e-003	7.149e+007
89	3369.9	70.4	85.7	50.1	4.643e+009	5.309e+001	2.76	1.361e-002	4.781e+001	1.419e-002	4.755e+001	1.411e-002	1.944e-003	4.995e+001	1.482e-002	3.384e-003	23.77	3.794e+000	46.87	7.345e+001	2.180e-002	7.331e-003	7.242e+007
90	5646	91	109.6	65.6	3.299e+009	6.301e+001	3.48	1.284e-002	7.428e+001	1.316e-002	7.260e+001	1.286e-002	2.935e-003	7.715e+001	1.366e-002	5.152e-003	27.61	5.179e+000	53.17	1.154e+002	2.043e-002	1.305e-002	7.670e+007
91	5217.1	83.9	100	66.4	4.181e+009	7.373e+001	2.92	1.242e-002	6.641e+001	1.273e-002	6.510e+001	1.248e-002	2.720e-003	6.880e+001	1.319e-002	4.697e-003	26.89	4.552e+000	52.62	1.042e+002	1.997e-002	1.174e-002	7.460e+007
92	5058.4	80.2	84.5	76.2	3.837e+009	6.583e+001	2.93	1.181e-002	6.314e+001	1.248e-002	6.070e+001	1.200e-002	2.507e-003	6.380e+001	1.261e-002	4.314e-003	33.18	3.454e+000	65.42	1.072e+002	2.119e-002	1.472e-002	9.682e+007
93	7231.3	97.4	111.8	82.5	3.435e+009	8.361e+001	3.1	1.180e-002	8.687e+001	1.201e-002	8.455e+001	1.169e-002	3.506e-003	8.920e+001	1.234e-002	6.090e-003	29.29	5.709e+000	56.84	1.413e+002	1.953e-002	1.705e-002	7.785e+007
94	5280.6	87.7	99.2	67.8	4.135e+009	7.399e+001	2.83	1.221e-002	6.698e+001	1.268e-002	6.625e+001	1.255e-002	2.725e-003	6.935e+001	1.313e-002	4.733e-003	23.17	4.427e+000	45.28	9.515e+001	1.802e-002	9.587e-003	6.036e+007
95	4193.9	73.8	78.9	67.7	4.036e+009	5.679e+001	3.03	1.277e-002	5.637e+001	1.344e-002	5.590e+001	1.333e-002	2.283e-003	5.940e+001	1.416e-002	3.984e-003	26	4.106e+000	50.2	8.565e+001	2.042e-002	9.578e-003	7.517e+007
96	2896.5	62	68.9	53.6	4.647e+009	4.554e+001	2.66	1.279e-002	3.912e+001	1.351e-002	3.955e+001	1.365e-002	1.592e-003	4.075e+001	1.407e-002	2.772e-003	26.62	2.337e+000	52.61	5.720e+001	1.975e-002	6.692e-003	7.668e+007
97	5152.4	84.2	96.9	67.7	3.810e+009	6.624e+001	3.08	1.306e-002	7.105e+001	1.379e-002	6.985e+001	1.356e-002	2.868e-003	7.505e+001	1.457e-002	5.007e-003	25.92	5.271e+000	50.05	1.124e+002	2.182e-002	1.201e-002	7.713e+007
98	6810.4	97.3	116.8	74.3	3.772e+009	8.625e+001	3.1	1.239e-002	8.670e+001	1.273e-002	8.480e+001	1.245e-002	3.514e-003	8.850e+001	1.299e-002	6.106e-003	29.15	5.580e+000	56.23	1.368e+002	2.009e-002	1.655e-002	8.004e+007
99	5411.9	87	101.6	67.8	4.149e+009	7.598e+001	2.82	1.214e-002	7.072e+001	1.307e-002	6.955e+001	1.285e-002	2.819e-003	7.425e+001	1.372e-002	4.964e-003	28.42	4.725e+000	55.91	1.156e+002	2.135e-002	1.365e-002	8.371e+007
100																							