RECORD	CROSS-SECTIONAL AREA	MEAN DIAMETER	MAX DIAMETER	MIN DIAMETER	ELASTIC EMOD	ELASTIC GRADIENT	ELASTIC EXT	ELASTIC STRESS	PLATEAU LOAD	PLATEAU STRESS	LOAD 15%	STRESS 15%	WORK 15%	LOAD 25%	STRESS 25%	WORK 25%	YIELD EXT	POSTYIELD GRADIENT	BREAK EXT	BREAK LOAD	BREAK STRESS	TOTAL WORK	TOUGHNESS
1	4174.7	78.5	95.1	55.9	4.225e+009	5.961e+001	3.15	1.492e-002	6.539e+001	1.566e-002	6.500e+001	1.557e-002	2.650e-003	6.930e+001	1.660e-002	4.645e-003	22.28	3.364e+000	42.77	8.730e+001	2.091e-002	8.674e-003	6.889e+007
2	5508.4	86.9	102.9	68.2	4.045e+009	7.411e+001	3.33	1.389e-002	8.020e+001	1.456e-002	7.980e+001	1.449e-002	3.276e-003	8.195e+001	1.488e-002	5.679e-003	28.09	4.345e+000	53.41	1.128e+002	2.048e-002	1.387e-002	8.213e+007
3	5029.6	83.7	98.4	65.1	4.058e+009	6.940e+001	4.14	1.381e-002	7.656e+001	1.522e-002	7.685e+001	1.528e-002	2.797e-003	8.015e+001	1.594e-002	5.136e-003	26.12	5.275e+000	49.47	1.143e+002	2.273e-002	1.203e-002	7.976e+007
4	4505.9	76.8	87.4	65.7	3.794e+009	5.769e+001	3.57	1.423e-002	6.680e+001	1.482e-002							5.59	2.025e-001	8.18	6.705e+001	1.488e-002	1.313e-003	9.647e+006
5	3441.1	67.3	77	56.9	4.137e+009	4.776e+001	3.42	1.476e-002	5.195e+001	1.510e-002	5.120e+001	1.488e-002	2.115e-003	5.245e+001	1.524e-002	3.656e-003	26.17	3.004e+000	49.97	7.300e+001	2.121e-002	8.307e-003	7.946e+007
6	3898.5	73.1	85	58.4	3.996e+009	5.234e+001	3.56	1.443e-002	5.878e+001	1.508e-002	5.900e+001	1.513e-002	2.387e-003	6.190e+001	1.588e-002	4.154e-003	20.4	3.352e+000	38.27	7.760e+001	1.990e-002	6.866e-003	5.805e+007
7	5084.8	82.8	101	64.1	4.336e+009	7.423e+001	3.1	1.399e-002	7.648e+001	1.504e-002	7.645e+001	1.503e-002	3.102e-003	8.145e+001	1.602e-002	5.441e-003	21.2	5.186e+000	40.65	1.071e+002	2.105e-002	9.775e-003	6.348e+007
8																							
9	3008.3	63.6	74.2	51.6	4.058e+009	4.115e+001	3.24	1.476e-002	4.657e+001	1.548e-002	4.665e+001	1.551e-002	1.909e-003	4.830e+001	1.606e-002	3.293e-003	19.81	2.167e+000	37.73	5.855e+001	1.946e-002	5.274e-003	5.797e+007
10	6883	98.1	121.3	72.2	3.854e+009	8.949e+001	3.44	1.374e-002	9.744e+001	1.416e-002	9.630e+001	1.399e-002	3.951e-003	1.010e+002	1.467e-002	6.863e-003	23.4	6.610e+000	44.46	1.377e+002	2.000e-002	1.368e-002	6.578e+007
11	5073.2	83.2	101.7	63.5	4.099e+009	6.991e+001	3.33	1.385e-002	7.305e+001	1.440e-002	7.265e+001	1.432e-002	2.921e-003	7.585e+001	1.495e-002	5.126e-003	26.42	3.946e+000	50.66	1.035e+002	2.039e-002	1.185e-002	7.706e+007
12	3697	70.7	82.1	57.3	4.708e+009	5.894e+001	2.86	1.370e-002	5.513e+001	1.491e-002	5.495e+001	1.486e-002	2.237e-003	5.860e+001	1.585e-002	3.887e-003	23.09	3.639e+000	45.18	7.945e+001	2.149e-002	7.960e-003	7.153e+007
13	4632	79.1	93.5	63	4.239e+009	6.551e+001	3.11	1.342e-002	6.461e+001	1.395e-002	6.370e+001	1.375e-002	2.647e-003	6.655e+001	1.437e-002	4.577e-003	28.15	3.757e+000	54.11	9.565e+001	2.065e-002	1.158e-002	8.185e+007
14	4435.1	76.4	89.6	63	4.359e+009	6.549e+001	3.06	1.357e-002	6.576e+001	1.483e-002	6.540e+001	1.475e-002	2.613e-003	6.785e+001	1.530e-002	4.579e-003	28.58	4.481e+000	55.93	1.081e+002	2.436e-002	1.274e-002	9.549e+007
15	2683.6	60.9	70.7	48.3	4.148e+009	3.740e+001	3.16	1.463e-002	4.178e+001	1.557e-002	4.190e+001	1.561e-002	1.688e-003	4.430e+001	1.651e-002	2.970e-003	22.35	3.114e+000	42.52	6.065e+001	2.260e-002	5.675e-003	6.970e+007
16	4687.3	77.4	85.6	69.8	3.767e+009	5.987e+001	3.36	1.333e-002	6.620e+001	1.412e-002	6.540e+001	1.395e-002	2.613e-003	7.005e+001	1.494e-002	4.617e-003	26.75	4.389e+000	51.56	1.009e+002	2.153e-002	1.122e-002	7.966e+007
17	5140.2	84.1	100.2	65.3	4.160e+009	7.189e+001	3.23	1.426e-002	7.649e+001	1.488e-002	7.545e+001	1.468e-002	3.075e-003	7.830e+001	1.523e-002	5.355e-003	29.68	4.286e+000	57.22	1.172e+002	2.280e-002	1.474e-002	9.459e+007
18																							
19	5784.8	89.4	108.6	67.9	3.778e+009	7.393e+001	3.12	1.290e-002	7.776e+001	1.344e-002							7.9	1.141e+000	14.27	8.115e+001	1.403e-002	3.027e-003	1.737e+007
20	2570.1	60.7	74.3	44	5.108e+009	4.450e+001	2.86	1.510e-002	3.963e+001	1.542e-002	3.930e+001	1.529e-002	1.627e-003	4.140e+001	1.611e-002	2.813e-003	21.48	1.908e+000	42.04	5.110e+001	1.988e-002	5.081e-003	6.575e+007
21	3614.9	69.2	79	58.2	3.713e+009	4.486e+001	3.41	1.315e-002	4.942e+001	1.367e-002	4.890e+001	1.353e-002	2.000e-003	5.045e+001	1.396e-002	3.470e-003	29.31	2.562e+000	55.9	7.190e+001	1.989e-002	9.087e-003	8.242e+007
22	3313	65.1	69.8	60.4	4.103e+009	4.560e+001	3.13	1.354e-002	4.693e+001	1.417e-002	4.635e+001	1.399e-002	1.899e-003	4.860e+001	1.467e-002	3.308e-003	26.56	3.274e+000	50.95	7.250e+001	2.188e-002	7.983e-003	7.931e+007
23	5287.9	82.3	88.8	75.8	4.283e+009	7.668e+001	3.19	1.368e-002	7.547e+001	1.427e-002	7.530e+001	1.424e-002	3.060e-003	7.990e+001	1.511e-002	5.355e-003	21.12	5.294e+000	40.48	1.061e+002	2.006e-002	9.524e-003	5.981e+007
24	3589.4	68.9	80.4	56.9	4.055e+009	4.886e+001	2.93	1.307e-002	4.920e+001	1.371e-002	4.890e+001	1.362e-002	2.006e-003	5.145e+001	1.433e-002	3.500e-003	25.66	3.650e+000	49.51	7.625e+001	2.124e-002	8.153e-003	7.482e+007
25	4169	74.3	85.2	62.3	3.797e+009	5.315e+001	3.36	1.330e-002	5.890e+001	1.413e-002	5.770e+001	1.384e-002	2.360e-003	6.160e+001	1.478e-002	4.134e-003	27.08	4.672e+000	51.65	9.780e+001	2.346e-002	1.048e-002	8.282e+007
26	5328.9	86.8	103	65.9	4.022e+009	7.216e+001	3.37	1.406e-002	7.734e+001	1.451e-002	7.660e+001	1.437e-002	3.114e-003	8.055e+001	1.512e-002	5.460e-003	23.75	5.376e+000	45.15	1.114e+002	2.090e-002	1.112e-002	6.892e+007
27																							
28	3590	69.4	77	59.4	4.044e+009	4.840e+001	3.17	1.338e-002	4.980e+001	1.387e-002	4.965e+001	1.383e-002	2.015e-003	5.195e+001	1.447e-002	3.558e-003	26.53	2.981e+000	50.57	7.115e+001	1.982e-002	8.154e-003	7.430e+007
29	4188.6	75	84.1	63.4	4.281e+009	6.028e+001	3.1	1.411e-002	6.085e+001	1.453e-002	6.000e+001	1.432e-002	2.477e-003	6.325e+001	1.510e-002	4.305e-003	26.81	4.027e+000	51.65	9.325e+001	2.226e-002	1.052e-002	8.281e+007
30	3060	63.3	68.7	56.8	4.066e+009	4.165e+001	2.89	1.356e-002	4.325e+001	1.414e-002	4.260e+001	1.392e-002	1.799e-003	4.545e+001	1.485e-002	3.102e-003	22.99	3.180e+000	44.07	6.330e+001	2.069e-002	6.171e-003	6.623e+007
31	2312.9	55	62.9	46.8	4.541e+009	3.497e+001	2.71	1.355e-002	3.318e+001	1.435e-002	3.300e+001	1.427e-002	1.379e-003	3.480e+001	1.505e-002	2.400e-003	25.77	2.568e+000	49.77	5.315e+001	2.298e-002	5.664e-003	7.998e+007
32	4598.5	77.7	88.3	66.3	4.108e+009	6.394e+001	2.96	1.241e-002	6.006e+001	1.306e-002	5.940e+001	1.292e-002	2.435e-003	6.475e+001	1.408e-002	4.266e-003	23.05	3.997e+000	44.74	8.760e+001	1.905e-002	8.616e-003	6.223e+007
33	2292.2	54.2	58.8	49.6	3.752e+009	2.893e+001	2.9	1.261e-002	3.205e+001	1.398e-002	3.215e+001	1.403e-002	1.277e-003	3.445e+001	1.503e-002	2.276e-003	26.5	2.319e+000	51.35	5.045e+001	2.201e-002	5.535e-003	7.969e+007
34	2967.4	63.5	70.9	53.5	4.107e+009	4.040e+001	3.19	1.405e-002	4.260e+001	1.436e-002	4.215e+001	1.420e-002	1.737e-003	4.365e+001	1.471e-002	3.039e-003	28.85	2.537e+000	55.06	6.495e+001	2.189e-002	7.938e-003	8.699e+007
35	5965.7	88.5	101.1	75.2	3.933e+009	7.865e+001	3.06	1.285e-002	7.833e+001	1.313e-002	7.795e+001	1.307e-002	3.233e-003	8.045e+001	1.349e-002	5.591e-003	21.28	4.431e+000	40.64	1.026e+002	1.720e-002	9.790e-003	5.396e+007
36	3246.1	65.2	71.2	58.1	4.275e+009	4.662e+001	2.77	1.302e-002	4.463e+001	1.375e-002	4.560e+001	1.405e-002	1.831e-003	4.920e+001	1.516e-002	3.224e-003	20.76	2.342e+000	40.21	6.155e+001	1.896e-002	5.682e-003	5.770e+007
37	3578	68.4	78.9	57.7	4.037e+009	4.775e+001	3.18	1.372e-002	5.253e+001	1.468e-002	5.205e+001	1.455e-002	2.115e-003	5.560e+001	1.554e-002	3.744e-003	26.24	3.673e+000	49.89	8.105e+001	2.265e-002	8.819e-003	7.995e+007
38	2891.1	63.7	76	48.4	5.028e+009	4.769e+001	1.51	8.768e-003	2.613e+001	9.036e-003							1.64	3.160e+001	1.93	2.975e+001	1.029e-002	1.018e-004	1.134e+006
39	4967.4	82.7	98.5	64.3	4.081e+009	6.787e+001	3.05	1.323e-002	6.914e+001	1.392e-002	6.830e+001	1.375e-002	2.823e-003	7.260e+001	1.462e-002	4.920e-003	25.68	5.249e+000	49.46	1.096e+002	2.206e-002	1.161e-002	7.679e+007
40	3700.1	70	80.3	58.7	4.069e+009	5.061e+001	2.7	1.228e-002	4.956e+001	1.339e-002	5.035e+001	1.361e-002	2.037e-003	5.305e+001	1.434e-002	3.602e-003	18.14	4.261e-001	35.09	5.645e+001	1.526e-002	5.199e-003	4.634e+007
41	5749.8	86.7	96.8	75.7	4.333e+009	8.341e+001	3.02	1.347e-002	8.007e+001	1.393e-002	8.000e+001	1.391e-002	3.295e-003	8.300e+001	1.444e-002	5.734e-003	22.63	5.438e+000	43.32	1.123e+002	1.952e-002	1.100e-002	6.281e+007
42	3756.6	72.1	84.2	56.8	4.294e+009	5.321e+001	2.94	1.323e-002	5.110e+001	1.360e-002	5.165e+001	1.375e-002	2.154e-003	5.315e+001	1.415e-002	3.714e-003	20.1	2.485e+000	37.67	6.555e+001	1.745e-002	5.944e-003	5.120e+007
43	3660.7	71.8	84.5	55.1	4.396e+009	5.321e+001	3.02	1.377e-002	5.263e+001	1.438e-002	5.185e+001	1.416e-002	2.164e-003	5.615e+001	1.534e-002	3.798e-003	24.55	3.700e+000	46.68	7.860e+001	2.147e-002	8.141e-003	7.213e+007
44	6132	91.4	107.2	73.1	4.112e+009	8.336e+001	3.02	1.324e-002	8.449e+001	1.378e-002	8.400e+001	1.370e-002	3.476e-003	8.765e+001	1.429e-002	6.086e-003	25.11	5.692e+000	47.81	1.237e+002	2.017e-002	1.330e-002	7.037e+007
45	4230	76.3	90.5	59.7	4.331e+009	6.161e+001	2.87	1.278e-002	5.641e+001	1.334e-002	5.660e+001	1.338e-002	2.326e-003	5.870e+001	1.388e-002	4.039e-003	20.32	3.361e+000	38.96	7.450e+001	1.761e-002	6.747e-003	5.262e+007
46	3375.3	76.3	96.5	44.7	4.988e+009	5.577e+001	2.63	1.406e-002	5.105e+001	1.513e-002	5.285e+001	1.566e-002	2.134e-003	5.300e+001	1.570e-002	3.723e-003	21.74	2.751e+000	41.44	6.750e+001	2.000e-002	6.623e-003	6.377e+007
47	4667.7	82.1	98.7	60.2	4.421e+009	6.810e+001	2.98	1.385e-002	6.570e+001	1.407e-002	6.435e+001	1.379e-002	2.752e-003	6.645e+001	1.424e-002	4.736e-003	27.48	4.161e+000	52.41	9.980e+001	2.138e-002	1.169e-002	8.107e+007
48	5045.3	83.3	96.5	66.6	4.131e+009	6.954e+001	3.11	1.302e-002	6.780e+001	1.344e-002	6.820e+001	1.352e-002	2.814e-003	7.025e+001	1.392e-002	4.853e-003	22.62	4.769e+000	43.04	9.625e+001	1.908e-002	9.308e-003	6.039e+007
49	3864.6	72.4	82.7	59.5	4.278e+009	5.531e+001	2.95	1.316e-002	5.196e+001	1.345e-002	5.185e+001	1.342e-002	2.138e-003	5.460e+001	1.413e-002	3.717e-003	22.35	2.661e+000	42.63	6.945e+001	1.797e-002	6.925e-003	5.881e+007
50	4610.2	77.5	85.6	68.6	3.732e+009	5.788e+001	3.3	1.318e-002	6.126e+001	1.329e-002	6.045e+001	1.311e-002	2.505e-003	6.300e+001	1.367e-002	4.312e-003	25.38	4.151e+000	48.68	8.980e+001	1.948e-002	9.663e-003	6.917e+007
51	3452.4	67.5	75.3	58.4	3.840e+009	4.435e+001	3.38	1.345e-002	4.852e+001	1.406e-002	4.785e+001	1.386e-002	1.935e-003	5.040e+001	1.460e-002	3.399e-003	28.09	3.330e+000	53.56	7.655e+001	2.217e-002	8.837e-003	8.400e+007
52	3943.7	71.2	74.1	67.7	4.171e+009	5.480e+001	3.07	1.364e-002	5.540e+001	1.405e-002	5.495e+001	1.393e-002	2.264e-003	5.785e+001	1.467e-002	3.960e-003	25.46	4.152e+000	48.53	8.610e+001	2.183e-002	9.042e-003	7.493e+007
53	2848.8	60.9	70	51.8	4.624e+009	4.440e+001	2.65	1.299e-002	3.855e+001	1.353e-002	3.910e+001	1.373e-002	1.600e-003	4.110e+001	1.443e-002	2.776e-003	18.29	1.337e+000	35.65	4.855e+001	1.704e-002	4.150e-003	4.817e+007
54	4894.9	83.8	101.5	61.3	4.234e+009	7.023e+001	2.69	1.184e-002	5.992e+001	1.224e-002	6.120e+001	1.250e-002	2.453e-003	6.675e+001	1.364e-002	4.339e-003	13.46	1.646e+000	26.1	6.665e+001	1.362e-002	4.536e-003	3.081e+007
55	4691.7	79.7	90.8	65.8	4.374e+009	6.921e+001	2.95	1.379e-002	6.869e+001	1.464e-002	6.905e+001	1.472e-002	2.788e-003	7.320e+001	1.560e-002	4.899e-003	21.44	5.404e+000	41.53	1.006e+002	2.144e-002	9.105e-003	6.422e+007
56	2557	57.9	62.5	52.2	4.372e+009	3.753e+001	3.19	1.394e-002	3.652e+001	1.428e-002	3.575e+001	1.398e-002	1.470e-003	3.735e+001	1.461e-002	2.561e-003	28.56	2.196e+000	55.07	5.460e+001	2.135e-002	6.636e-003	8.549e+007
57	4610.4	77.9	86.4	68.1	4.461e+009	6.967e+001	2.92	1.316e-002	6.359e+001	1.379e-002	6.280e+001	1.362e-002	2.597e-003	6.540e+001	1.419e-002	4.454e-003	27.78	4.340e+000	54.34	1.026e+002	2.225e-002	1.180e-002	8.508e+007
58	5762	85.8	91.3	80.4	3.693e+009	7.076e+001	3.49	1.325e-002	7.838e+001	1.360e-002	7.775e+001	1.349e-002	3.230e-003	8.200e+001	1.423e-002	5.584e-003	22.38	5.881e+000	41.79	1.121e+002	1.946e-002	1.046e-002	5.922e+007
59	4277	74.6	83.8	65	4.463e+009	6.490e+001	4.27	1.396e-002	6.431e+001	1.504e-002	6.500e+001	1.520e-002	2.334e-003	6.675e+001	1.561e-002	4.282e-003	26.32	3.620e+000	49.47	8.950e+001	2.093e-002	9.769e-003	7.618e+007
60	4791.8	80.4	96.4	63.3	4.371e+009	7.121e+001	3.17	1.328e-002	7.042e+001	1.470e-002	7.060e+001	1.473e-002	2.757e-003	7.325e+001	1.529e-002	4.883e-003	20.28	4.455e+000	39.13	9.455e+001	1.973e-002	8.309e-003	5.784e+007
61	4788.7	79.8	87.5	69.6	4.471e+009	7.219e+001	2.78	1.321e-002	6.836e+001	1.427e-002	7.025e+001	1.467e-002	2.763e-003	7.185e+001	1.500e-002	4.855e-003	24.08	4.966e+000	47.11	1.027e+002	2.145e-002	1.051e-002	7.257e+007
62	3774.1	72.3	86.7	55.4	3.947e+009	5.018e+001	3.17	1.310e-002	4.895e+001	1.297e-002	4.850e+001	1.285e-002	2.014e-003	5.035e+001	1.334e-002	3.481e-003	22.8	2.072e+000	43.62	6.225e+001	1.649e-002	6.505e-003	5.696e+007
63	2912.8	61.9	65	57	4.476e+009	4.339e+001	2.84	1.347e-002	4.102e+001	1.408e-002	3.995e+001	1.372e-002	1.683e-003	4.240e+001	1.456e-002	2.921e-003	30.1	2.522e+000	58.31	6.775e+001	2.326e-002	8.469e-003	9.492e+007
64	2801.9	60.5	68.5	52.2	4.262e+009	3.978e+001	3.07	1.367e-002	4.051e+001	1.446e-002	4.075e+001	1.454e-002	1.639e-003	4.260e+001	1.520e-002	2.899e-003	22.97	2.852e+000	43.56	5.805e+001	2.072e-002	5.655e-003	6.596e+007
65	3380.5	66.7	76.3	56.5	4.589e+009	5.237e+001	2.58	1.305e-002	4.875e+001	1.442e-002	4.860e+001	1.438e-002	1.979e-003	5.055e+001	1.495e-002	3.455e-003	24.25	3.422e+000	47.86	7.205e+001	2.131e-002	7.569e-003	7.417e+007
66	2949.4	62.7	68.6	54.9	4.556e+009	4.433e+001	2.78	1.380e-002	4.311e+001	1.462e-002	4.320e+001	1.465e-002	1.813e-003	4.525e+001	1.534e-002	3.130e-003	23.88	3.352e+000	45.37	6.505e+001	2.206e-002	6.543e-003	7.179e+007
67	3318.1	68	81.7	51.6	4.997e+009	5.581e+001	1.25	7.143e-003	2.440e+001	7.354e-003							1.32	3.917e+001	1.52	2.745e+001	8.273e-003	7.106e-005	7.072e+005
68	2263.5	53.5	58.4	49.3	4.776e+009	3.619e+001	2.63	1.429e-002	3.615e+001	1.597e-002	3.580e+001	1.582e-002	1.427e-003	4.085e+001	1.805e-002	2.589e-003	25.48	2.087e+000	49.46	5.465e+001	2.414e-002	5.987e-003	8.686e+007
69	3254.3	66.5	75.2	55.1	3.646e+009	4.010e+001	3.38	1.355e-002	4.652e+001	1.429e-002	4.615e+001	1.418e-002	1.858e-003	4.975e+001	1.529e-002	3.275e-003	24.97	4.101e+000	47.81	7.660e+001	2.354e-002	7.505e-003	7.646e+007
70	3554.9	72.6	91.6	49.4	3.821e+009	4.575e+001	3.17	1.311e-002	4.775e+001	1.343e-002	4.735e+001	1.332e-002	1.934e-003	4.950e+001	1.392e-002	3.373e-003	27.69	2.748e+000	53.3	6.885e+001	1.937e-002	8.231e-003	7.651e+007
71																							
72	3961	74.9	89.7	56.3	4.527e+009	6.011e+001	2.93	1.399e-002	5.716e+001	1.443e-002	5.585e+001	1.410e-002	2.344e-003	5.885e+001	1.486e-002	4.041e-003	29.89	3.434e+000	57.91	9.010e+001	2.275e-002	1.136e-002	9.434e+007
73	4415.9	79.1	97.1	58	3.849e+009	5.742e+001	3.48	1.406e-002	6.190e+001	1.402e-002	6.115e+001	1.385e-002	2.497e-003	6.370e+001	1.443e-002	4.350e-003	23.57	4.236e+000	45.04	8.740e+001	1.979e-002	8.766e-003	6.580e+007
74	4397.2	76	86.9	64.4	4.506e+009	6.708e+001	2.82	1.307e-002	6.141e+001	1.397e-002	6.140e+001	1.396e-002	2.506e-003	6.550e+001	1.490e-002	4.374e-003	21.49	5.094e+000	42.05	9.180e+001	2.088e-002	8.294e-003	6.265e+007
75	2788.3	59.7	63.2	56.2	4.090e+009	3.823e+001	2.8	1.291e-002	3.701e+001	1.327e-002	3.715e+001	1.332e-002	1.535e-003	3.760e+001	1.349e-002	2.651e-003	25.89	2.276e+000	50.07	5.305e+001	1.903e-002	6.013e-003	7.093e+007