RECORD	CROSS-SECTIONAL AREA	MEAN DIAMETER	MAX DIAMETER	MIN DIAMETER	ELASTIC EMOD	ELASTIC GRADIENT	ELASTIC EXT	ELASTIC STRESS	PLATEAU LOAD	PLATEAU STRESS	LOAD 15%	STRESS 15%	WORK 15%	LOAD 25%	STRESS 25%	WORK 25%	YIELD EXT	POSTYIELD GRADIENT	BREAK EXT	BREAK LOAD	BREAK STRESS	TOTAL WORK	TOUGHNESS
1	3044.1	66	79.8	48.6	4.786e+009	4.931e+001	3.02	1.501e-002	5.036e+001	1.654e-002	5.070e+001	1.666e-002	2.037e-003	5.245e+001	1.723e-002	3.564e-003	21.25	2.759e+000	41	6.665e+001	2.190e-002	6.331e-003	6.905e+007
2	6142.8	96.5	124.5	62.9	3.641e+009	7.557e+001	3.84	1.419e-002	9.338e+001	1.520e-002	9.290e+001	1.512e-002	3.664e-003	9.800e+001	1.595e-002	6.499e-003	23.57	4.916e+000	44.45	1.251e+002	2.036e-002	1.277e-002	6.889e+007
3	3684	69.7	77.8	60.3	4.211e+009	5.248e+001	3.25	1.432e-002	6.020e+001	1.634e-002	6.080e+001	1.650e-002	2.368e-003	6.390e+001	1.735e-002	4.208e-003	24.73	3.993e+000	47.59	8.990e+001	2.440e-002	9.297e-003	8.376e+007
4	3522.9	67.8	73.2	61.2	4.362e+009	5.194e+001	3.15	1.441e-002	5.478e+001	1.555e-002	5.520e+001	1.567e-002	2.204e-003	5.800e+001	1.646e-002	3.884e-003	24.2	2.046e+000	46.85	7.125e+001	2.022e-002	7.945e-003	7.477e+007
5	4033.5	73.7	84.4	60.9	3.985e+009	5.447e+001	3.52	1.437e-002	6.357e+001	1.576e-002	6.435e+001	1.595e-002	2.511e-003	6.685e+001	1.657e-002	4.444e-003	21.41	3.999e+000	40.79	8.675e+001	2.151e-002	7.977e-003	6.575e+007
6	3800.1	71.1	79.7	60.8	4.099e+009	5.271e+001	3.52	1.464e-002	5.895e+001	1.551e-002	5.790e+001	1.524e-002	2.352e-003	6.025e+001	1.585e-002	4.103e-003	27.86	3.077e+000	53.59	8.435e+001	2.220e-002	1.019e-002	8.907e+007
7	3878.9	72.5	87.5	56.4	4.272e+009	5.616e+001	3.03	1.401e-002	5.942e+001	1.532e-002	6.130e+001	1.580e-002	2.366e-003	6.315e+001	1.628e-002	4.201e-003	21.61	2.003e+000	41.79	7.580e+001	1.954e-002	7.559e-003	6.478e+007
8	5588.5	88.2	102.9	69.1	4.160e+009	7.883e+001	3.36	1.396e-002	8.614e+001	1.541e-002	8.755e+001	1.567e-002	3.395e-003	9.170e+001	1.641e-002	6.053e-003	22.85	5.605e+000	43.81	1.230e+002	2.200e-002	1.191e-002	7.090e+007
9	4003.5	77.4	95.2	53.5	4.003e+009	5.416e+001	3.25	1.423e-002	6.129e+001	1.531e-002	6.375e+001	1.592e-002	2.489e-003	6.615e+001	1.652e-002	4.424e-003	15.68	8.596e-001	29.41	6.675e+001	1.667e-002	5.264e-003	4.359e+007
10	3750.8	74.8	89	53.6	4.184e+009	5.309e+001	3.25	1.436e-002	5.499e+001	1.466e-002	5.885e+001	1.569e-002	2.253e-003				10.19	1.726e+000	18.49	5.985e+001	1.596e-002	2.870e-003	2.539e+007
11	3237.4	66.4	76.6	53.8	3.731e+009	4.092e+001	3.39	1.404e-002	5.012e+001	1.548e-002	5.035e+001	1.555e-002	1.999e-003	5.240e+001	1.619e-002	3.491e-003	25.06	3.224e+000	48.32	7.345e+001	2.269e-002	7.796e-003	8.003e+007
12	3057.9	62.9	67.6	57.6	3.904e+009	4.012e+001	3.3	1.396e-002	4.630e+001	1.514e-002	4.645e+001	1.519e-002	1.861e-003	4.870e+001	1.593e-002	3.273e-003	22.91	2.615e+000	43.69	6.325e+001	2.068e-002	6.351e-003	6.847e+007
13	3141.5	63.7	68.4	58.4	4.169e+009	4.429e+001	3.09	1.353e-002	4.629e+001	1.473e-002	4.810e+001	1.531e-002	1.844e-003	5.025e+001	1.600e-002	3.283e-003	21.57	1.987e+000	41.71	6.085e+001	1.937e-002	5.978e-003	6.313e+007
14	3250.5	65.3	71.9	57.6	3.806e+009	4.173e+001	3.54	1.432e-002	4.777e+001	1.470e-002	4.890e+001	1.504e-002	1.936e-003				11.58	1.556e-001	20.65	4.935e+001	1.518e-002	2.748e-003	2.798e+007
15	3463.5	72.6	93.4	47.2	4.615e+009	5.384e+001	3.04	1.497e-002	5.614e+001	1.621e-002	5.740e+001	1.657e-002	2.282e-003	6.015e+001	1.737e-002	4.036e-003	18.61	1.893e+000	35.36	6.810e+001	1.966e-002	5.961e-003	5.687e+007
16	4180	74.3	86.1	61.8	3.884e+009	5.460e+001	3.1	1.336e-002	5.879e+001	1.406e-002	5.880e+001	1.407e-002	2.407e-003	6.095e+001	1.458e-002	4.175e-003	24.55	3.191e+000	47.25	8.050e+001	1.926e-002	8.763e-003	6.916e+007
17	4066.7	72.6	81.6	63.4	3.734e+009	5.136e+001	3.45	1.335e-002	5.666e+001	1.393e-002	5.740e+001	1.411e-002	2.287e-003	5.830e+001	1.434e-002	3.964e-003	21.37	2.432e+000	40.71	7.165e+001	1.762e-002	6.903e-003	5.631e+007
18	4173.8	76.3	92.8	57.3	3.970e+009	5.619e+001	3.36	1.382e-002	6.276e+001	1.504e-002	6.320e+001	1.514e-002	2.498e-003	6.585e+001	1.578e-002	4.402e-003	24.58	4.248e+000	47.47	9.300e+001	2.228e-002	9.612e-003	7.661e+007
19	3743.9	73.4	87.3	54.6	4.175e+009	5.314e+001	4.64	1.561e-002	6.393e+001	1.708e-002	6.475e+001	1.729e-002	2.278e-003	6.745e+001	1.802e-002	4.240e-003	23.75	2.972e+000	44.03	8.510e+001	2.273e-002	8.425e-003	7.506e+007
20	5013.9	82.2	92.6	69	3.786e+009	6.423e+001	3.52	1.374e-002	7.429e+001	1.482e-002	7.435e+001	1.483e-002	2.905e-003	7.765e+001	1.549e-002	5.154e-003	27.46	4.559e+000	52.62	1.119e+002	2.231e-002	1.283e-002	8.494e+007
21	4466.6	78.2	95.3	59.6	4.013e+009	6.096e+001	3.77	1.456e-002	6.796e+001	1.522e-002							7.41	-1.40E-01	12.31	6.660e+001	1.491e-002	2.125e-003	1.588e+007
22	3713.5	70.4	80.3	58.9	3.687e+009	4.638e+001	3.62	1.414e-002	5.349e+001	1.440e-002	5.295e+001	1.426e-002	2.141e-003	5.555e+001	1.496e-002	3.725e-003	24.86	2.885e+000	47.52	7.300e+001	1.966e-002	7.912e-003	7.081e+007
23	2533.2	57.3	59.8	53.9	4.275e+009	3.649e+001	3.31	1.465e-002	3.858e+001	1.523e-002	3.835e+001	1.514e-002	1.580e-003	4.065e+001	1.605e-002	2.742e-003	18.21	1.705e+000	34.25	4.665e+001	1.842e-002	3.909e-003	5.101e+007
24																							
25	3722.9	70.3	77.8	60.9	4.025e+009	5.079e+001	3.19	1.327e-002	5.410e+001	1.453e-002	5.420e+001	1.456e-002	2.130e-003	5.795e+001	1.557e-002	3.786e-003	25.74	3.772e+000	49.75	8.395e+001	2.255e-002	8.967e-003	8.010e+007
26	4388.3	76.3	83.9	66.7	4.134e+009	6.138e+001	3.25	1.421e-002	6.450e+001	1.470e-002	6.360e+001	1.449e-002	2.584e-003	6.780e+001	1.545e-002	4.535e-003	24.49	3.290e+000	47.13	8.785e+001	2.002e-002	9.535e-003	7.211e+007
27																							
28	5162.8	84.4	100.8	65.2	4.202e+009	7.378e+001	3.67	1.481e-002	8.360e+001	1.619e-002	8.385e+001	1.624e-002	3.199e-003	8.715e+001	1.688e-002	5.720e-003	27.29	5.728e+000	52.62	1.319e+002	2.554e-002	1.464e-002	9.463e+007
29	4584.8	78.8	91	64.2	3.943e+009	6.132e+001	3.66	1.418e-002	6.807e+001	1.485e-002	6.910e+001	1.507e-002	2.695e-003	7.055e+001	1.539e-002	4.724e-003	21.2	3.319e+000	40.2	8.705e+001	1.899e-002	8.177e-003	5.935e+007
30	3054.5	63.1	69.6	55.9	4.046e+009	4.126e+001	3.05	1.303e-002	4.434e+001	1.452e-002	4.435e+001	1.452e-002	1.793e-003	4.735e+001	1.550e-002	3.173e-003	24.99	3.343e+000	47.76	6.925e+001	2.267e-002	7.106e-003	7.620e+007
31	3553.4	68.2	76.9	58.9	3.810e+009	4.587e+001	3.03	1.285e-002	5.016e+001	1.412e-002	5.295e+001	1.490e-002	1.965e-003	5.455e+001	1.535e-002	3.545e-003	23.74	2.817e+000	46.24	7.150e+001	2.012e-002	7.408e-003	6.930e+007
32	4272.5	75	82.9	65.6	4.048e+009	5.765e+001	3.01	1.324e-002	6.157e+001	1.441e-002	6.150e+001	1.439e-002	2.489e-003	6.370e+001	1.491e-002	4.370e-003	29.56	3.650e+000	56.87	9.670e+001	2.263e-002	1.203e-002	9.204e+007
33	4367.5	75.7	82.1	67.7	4.018e+009	5.913e+001	2.94	1.295e-002	6.190e+001	1.417e-002	6.310e+001	1.445e-002	2.512e-003	6.670e+001	1.527e-002	4.437e-003	20.53	2.952e+000	39.44	8.160e+001	1.868e-002	7.517e-003	5.690e+007
34	3311.2	67.2	79.6	53	3.784e+009	4.233e+001	3.35	1.345e-002	4.730e+001	1.429e-002	4.710e+001	1.422e-002	1.903e-003	5.020e+001	1.516e-002	3.342e-003	22.41	3.535e+000	42.69	6.890e+001	2.081e-002	6.436e-003	6.442e+007
35	4563	77.6	88	66	3.808e+009	5.867e+001	3.64	1.397e-002	6.579e+001	1.442e-002	6.535e+001	1.432e-002	2.630e-003	6.810e+001	1.492e-002	4.579e-003	26.37	4.402e+000	50.35	9.875e+001	2.164e-002	1.083e-002	7.862e+007
36	4635.7	80	94.3	62.6	4.237e+009	6.638e+001	3.12	1.385e-002	6.701e+001	1.446e-002	6.720e+001	1.450e-002	2.721e-003	7.055e+001	1.522e-002	4.769e-003	21.49	4.443e+000	41.21	9.295e+001	2.005e-002	8.624e-003	6.168e+007
37																							
38	4247.2	73.8	83.4	64.9	3.821e+009	5.501e+001	3.43	1.337e-002	6.068e+001	1.429e-002	5.915e+001	1.393e-002	2.364e-003	6.340e+001	1.493e-002	4.180e-003	29.6	4.009e+000	57.17	1.008e+002	2.372e-002	1.203e-002	9.418e+007
39	3841.4	69.7	73.6	66.5	3.817e+009	4.967e+001	3.02	1.208e-002	5.103e+001	1.328e-002	5.470e+001	1.424e-002	2.018e-003	5.680e+001	1.479e-002	3.664e-003	19.47	2.512e+000	37.49	6.890e+001	1.794e-002	5.917e-003	5.119e+007
40	3105.4	62.5	66.6	59.4	3.944e+009	4.133e+001	2.88	1.187e-002	4.020e+001	1.294e-002	4.120e+001	1.327e-002	1.645e-003	4.160e+001	1.340e-002	2.848e-003	21.32	2.083e+000	41.42	5.245e+001	1.689e-002	5.089e-003	5.426e+007
41	2781.1	60.1	66.1	53.6	3.700e+009	3.455e+001	2.83	1.165e-002	3.616e+001	1.300e-002	3.690e+001	1.327e-002	1.439e-003	3.860e+001	1.388e-002	2.568e-003	26.68	2.092e+000	51.65	5.340e+001	1.920e-002	6.162e-003	7.298e+007
42	4696.5	83.3	103.1	58	3.579e+009	5.696e+001	3.42	1.384e-002	6.664e+001	1.419e-002	6.640e+001	1.414e-002	2.676e-003	6.825e+001	1.453e-002	4.670e-003	19.91	3.599e+000	37.93	8.535e+001	1.817e-002	7.533e-003	5.333e+007
43	2846.8	61.3	68.6	52.9	3.758e+009	3.615e+001	3.25	1.319e-002	3.909e+001	1.373e-002	4.100e+001	1.440e-002	1.559e-003	4.075e+001	1.431e-002	2.758e-003	26.13	1.975e+000	50.5	5.385e+001	1.892e-002	6.230e-003	7.256e+007
44	2812	61.9	70.7	50.7	4.219e+009	4.022e+001	3.06	1.373e-002	4.049e+001	1.440e-002	4.060e+001	1.444e-002	1.636e-003	4.275e+001	1.520e-002	2.869e-003	22.41	2.477e+000	43.57	5.645e+001	2.007e-002	5.530e-003	6.540e+007
45	5589.2	85.9	100.6	71	3.405e+009	6.420e+001	3.41	1.264e-002	7.186e+001	1.286e-002	7.135e+001	1.277e-002	2.895e-003	7.540e+001	1.349e-002	5.082e-003	22.37	3.599e+000	42.46	9.420e+001	1.685e-002	9.392e-003	5.561e+007
46	4020.9	72	78.4	65.3	3.512e+009	4.738e+001	3.13	1.161e-002	4.803e+001	1.194e-002	5.140e+001	1.278e-002	1.980e-003	5.145e+001	1.280e-002	3.511e-003	13.5	-1.48E-01	25.02	5.145e+001	1.280e-002	3.511e-003	2.875e+007
47																							
48	3941	75.4	88.8	56.5	3.893e+009	5.199e+001	2.93	1.284e-002	5.354e+001	1.359e-002	5.420e+001	1.375e-002	2.155e-003	5.515e+001	1.399e-002	3.782e-003	23.17	3.294e+000	45.08	7.355e+001	1.866e-002	7.535e-003	6.356e+007
49	3158.7	64.9	76.3	52.7	4.424e+009	4.735e+001	2.93	1.349e-002	4.410e+001	1.396e-002	4.325e+001	1.369e-002	1.791e-003	4.500e+001	1.425e-002	3.092e-003	28.03	2.715e+000	54.79	6.735e+001	2.132e-002	8.036e-003	8.458e+007
50	6907.3	93.7	103.9	84.6	3.895e+009	9.135e+001	3.13	1.231e-002	9.066e+001	1.312e-002	9.070e+001	1.313e-002	3.645e-003	9.690e+001	1.403e-002	6.408e-003	21.45	6.901e+000	41.67	1.327e+002	1.921e-002	1.198e-002	5.775e+007
51	3623.6	70.3	82.5	56.1	4.069e+009	4.994e+001	3.12	1.321e-002	4.987e+001	1.376e-002	4.990e+001	1.377e-002	2.023e-003	5.170e+001	1.427e-002	3.504e-003	23.89	2.262e+000	46.19	6.575e+001	1.815e-002	7.091e-003	6.503e+007
52	5876.8	89.8	110.7	67.6	3.695e+009	7.309e+001	3.37	1.269e-002	7.533e+001	1.282e-002	7.465e+001	1.270e-002	3.068e-003	7.695e+001	1.309e-002	5.322e-003	21.8	3.798e+000	41.45	9.640e+001	1.640e-002	9.431e-003	5.300e+007
53	3972.2	71.3	77.1	65.6	3.678e+009	4.895e+001	3.25	1.291e-002	5.276e+001	1.328e-002	5.140e+001	1.294e-002	2.138e-003	5.400e+001	1.359e-002	3.706e-003	29.65	3.076e+000	56.87	8.135e+001	2.048e-002	1.014e-002	8.390e+007
54	2723.3	61.5	72.6	47.8	3.795e+009	3.495e+001	3.22	1.305e-002	3.655e+001	1.342e-002	3.580e+001	1.315e-002	1.470e-003	3.780e+001	1.388e-002	2.542e-003	30.06	2.131e+000	58.53	5.565e+001	2.044e-002	7.096e-003	8.645e+007
55	3382.6	69.2	83.3	51.8	4.277e+009	4.824e+001	2.88	1.302e-002	4.616e+001	1.365e-002	4.630e+001	1.369e-002	1.911e-003	4.740e+001	1.401e-002	3.318e-003	26.53	2.742e+000	51.13	6.595e+001	1.950e-002	7.691e-003	7.438e+007
56	2786.5	63.1	76.6	46.3	3.795e+009	3.561e+001	3.11	1.330e-002	3.926e+001	1.409e-002	3.885e+001	1.394e-002	1.587e-003	4.120e+001	1.479e-002	2.770e-003	25.67	3.005e+000	49.55	6.205e+001	2.227e-002	6.518e-003	7.728e+007
57	3124.5	67	79.1	50.3	3.787e+009	4.004e+001	3.15	1.314e-002	4.132e+001	1.322e-002	4.155e+001	1.330e-002	1.678e-003	4.215e+001	1.349e-002	2.917e-003	22.01	2.272e+000	42.36	5.380e+001	1.722e-002	5.324e-003	5.658e+007
58	5748.5	94	115.2	63.6	3.515e+009	6.828e+001	3.88	1.347e-002	8.016e+001	1.394e-002							6.4	-2.08E+00	9.45	7.760e+001	1.350e-002	1.848e-003	1.066e+007
59	4035.1	73.2	84.9	60.5	3.846e+009	5.201e+001	3.39	1.377e-002	5.839e+001	1.447e-002	5.695e+001	1.411e-002	2.345e-003	5.985e+001	1.483e-002	4.074e-003	29.45	3.502e+000	56.28	9.235e+001	2.289e-002	1.125e-002	9.163e+007
60	2455.1	57.7	66.6	47	4.308e+009	3.597e+001	3.9	1.338e-002	3.659e+001	1.490e-002	3.725e+001	1.517e-002	1.370e-003	3.765e+001	1.534e-002	2.481e-003	19.12	1.123e+000	35.87	4.365e+001	1.778e-002	3.734e-003	5.074e+007
61	3331.6	66.5	75.5	56.2	3.863e+009	4.305e+001	3.09	1.303e-002	4.421e+001	1.327e-002	4.335e+001	1.301e-002	1.813e-003	4.540e+001	1.363e-002	3.129e-003	27.9	2.430e+000	53.76	6.450e+001	1.936e-002	7.826e-003	7.709e+007
62	5341	87.2	104.2	65.2	3.411e+009	6.149e+001	3.48	1.293e-002	7.010e+001	1.313e-002	6.895e+001	1.291e-002	2.819e-003	7.260e+001	1.359e-002	4.886e-003	25.96	4.610e+000	49.74	1.030e+002	1.928e-002	1.126e-002	6.982e+007
63	4677.9	81.8	93.7	63.6	3.809e+009	5.967e+001	3.06	1.241e-002	6.124e+001	1.309e-002	6.120e+001	1.308e-002	2.519e-003	6.385e+001	1.365e-002	4.378e-003	22.83	2.948e+000	43.53	8.035e+001	1.718e-002	8.254e-003	5.797e+007
64	3594	68	72.5	63.1	3.722e+009	4.464e+001	2.98	1.199e-002	4.662e+001	1.297e-002	4.700e+001	1.308e-002	1.901e-003	4.885e+001	1.359e-002	3.325e-003	26.1	2.708e+000	50.13	6.770e+001	1.884e-002	7.664e-003	6.982e+007
65	2507.6	57.2	63.3	50.4	4.009e+009	3.419e+001	4.67	1.406e-002	3.599e+001	1.435e-002	3.615e+001	1.442e-002	1.325e-003				10.78	4.307e-001	17.78	3.645e+001	1.454e-002	1.617e-003	2.152e+007
66	3603.8	71.5	88.2	52	4.509e+009	5.449e+001	2.96	1.390e-002	5.487e+001	1.523e-002	5.515e+001	1.530e-002	2.248e-003	5.735e+001	1.591e-002	3.925e-003	21.12	2.957e+000	40.33	7.275e+001	2.019e-002	6.809e-003	6.215e+007
67	3577.8	70.5	82.5	55.3	3.840e+009	4.611e+001	3.16	1.293e-002	4.808e+001	1.344e-002	4.775e+001	1.335e-002	1.953e-003	4.925e+001	1.377e-002	3.400e-003	21.21	2.013e+000	40.24	6.040e+001	1.688e-002	5.798e-003	5.336e+007
68	4092.4	74.1	86.8	60.1	3.882e+009	5.311e+001	3.15	1.335e-002	5.586e+001	1.365e-002	5.510e+001	1.346e-002	2.308e-003	5.705e+001	1.394e-002	3.966e-003	28.21	3.355e+000	54.21	8.515e+001	2.081e-002	1.022e-002	8.189e+007
69	3642.5	69.7	80	58	3.844e+009	4.687e+001	3.02	1.268e-002	4.973e+001	1.365e-002	4.935e+001	1.355e-002	2.023e-003	5.185e+001	1.423e-002	3.521e-003	27.39	3.427e+000	52.91	8.010e+001	2.199e-002	9.027e-003	8.139e+007
70	3070.6	63.4	69.1	56.6	4.038e+009	4.103e+001	2.95	1.304e-002	4.086e+001	1.331e-002	4.045e+001	1.317e-002	1.724e-003	4.295e+001	1.399e-002	2.967e-003	22.14	2.514e+000	41.85	5.615e+001	1.829e-002	5.455e-003	5.768e+007
71	3844.2	71	79.4	61.7	3.858e+009	4.984e+001	3.3	1.332e-002	5.357e+001	1.394e-002	5.325e+001	1.385e-002	2.162e-003	5.720e+001	1.488e-002	3.791e-003	22.52	4.383e+000	42.89	8.085e+001	2.103e-002	7.451e-003	6.390e+007
72	3020	63.7	74.5	51.6	4.149e+009	4.238e+001	2.95	1.318e-002	4.150e+001	1.374e-002	4.135e+001	1.369e-002	1.693e-003	4.320e+001	1.430e-002	2.920e-003	24.45	2.829e+000	47.51	6.095e+001	2.018e-002	6.358e-003	6.985e+007
73	3145.9	63.9	73.4	54.5	4.092e+009	4.332e+001	2.94	1.300e-002	4.179e+001	1.328e-002	4.125e+001	1.311e-002	1.736e-003	4.275e+001	1.359e-002	2.955e-003	26.15	2.645e+000	50.81	6.150e+001	1.955e-002	6.939e-003	7.282e+007
74																							
75	3734.3	69.6	75.6	62.9	3.906e+009	4.894e+001	3.39	1.380e-002	5.283e+001	1.415e-002	5.220e+001	1.398e-002	2.127e-003	5.395e+001	1.445e-002	3.705e-003	27.72	3.710e+000	53.06	8.410e+001	2.252e-002	9.516e-003	8.388e+007