RECORD	MEAN AREA	ESTIMATED_LENGTH(*)	GRADIENT(*)	EMOD(*)(#)	DECRIMPING_WORK	EXTENSION_WORK	START_X(*)	START_Y	END_X(*)	END_Y	ANALYSIS_WORK	BREAK_STRAIN(*)(#)	BREAK_LOAD	TENSILE_STRENGTH
1	4069.8	3.0080e+001	8.684e-001	6.418e+009	2.453e-008	8.159e-003	2.660e-001	2.206e+001	8.311e-001	5.797e+001	2.785e-005	40.392	8.256e-001	2.029e+002
2														
3	3442.7	3.0110e+001	6.714e-001	5.872e+009	2.281e-007	4.899e-004	2.657e-001	1.895e+001	8.635e-001	5.471e+001	2.300e-005	4.318	5.896e-001	1.713e+002
4	2958.7	3.0080e+001	5.918e-001	6.017e+009	6.622e-008	6.187e-003	2.660e-001	2.371e+001	8.311e-001	5.770e+001	2.061e-005	41.39	5.862e-001	1.981e+002
5	7005.4	3.0070e+001	1.421e+000	6.098e+009	1.987e-007	1.604e-002	2.328e-001	1.281e+001	8.646e-001	5.091e+001	4.178e-005	46.292	1.472e+000	2.101e+002
6	4980	3.0130e+001	9.032e-001	5.465e+009	0.000e+000	1.181e-002	2.323e-001	1.694e+001	8.297e-001	4.846e+001	2.968e-005	46.2	1.098e+000	2.205e+002
7	4188.2	3.0080e+001	7.785e-001	5.591e+009	2.207e-007	1.021e-002	2.660e-001	1.757e+001	8.311e-001	4.919e+001	2.382e-005	49.335	8.746e-001	2.088e+002
8	3899.7	3.0130e+001	6.688e-001	5.167e+009	5.420e-007	8.792e-003	2.655e-001	1.673e+001	8.297e-001	4.667e+001	2.146e-005	45.802	8.104e-001	2.078e+002
9	2827.8	3.0220e+001	5.891e-001	6.295e+009	1.177e-007	9.190e-004	2.647e-001	2.290e+001	8.273e-001	5.846e+001	1.943e-005	7.975	4.704e-001	1.664e+002
10	4832.7	3.0120e+001	9.145e-001	5.700e+009	1.006e-007	9.819e-003	2.324e-001	1.746e+001	8.632e-001	5.278e+001	3.304e-005	40.604	1.006e+000	2.081e+002
11	4932.2	3.0090e+001	9.021e-001	5.504e+009	1.055e-007	1.075e-002	2.326e-001	1.552e+001	8.308e-001	4.913e+001	2.812e-005	42.905	1.066e+000	2.162e+002
12	5393	3.0130e+001	9.105e-001	5.087e+009	5.396e-008	1.168e-002	2.323e-001	1.437e+001	8.961e-001	4.675e+001	3.274e-005	44.64	1.115e+000	2.068e+002
13	3976.5	3.0150e+001	7.312e-001	5.544e+009	0.000e+000	1.064e-002	2.322e-001	2.060e+001	8.292e-001	5.329e+001	2.647e-005	50.912	9.001e-001	2.264e+002
14	4190.1	3.0090e+001	7.873e-001	5.654e+009	1.128e-007	5.948e-003	2.326e-001	1.768e+001	8.641e-001	5.385e+001	2.855e-005	29.91	7.294e-001	1.741e+002
15	3239.6	3.0110e+001	5.864e-001	5.451e+009	2.600e-007	6.528e-003	2.657e-001	2.014e+001	8.635e-001	5.345e+001	2.164e-005	42.013	6.504e-001	2.008e+002
16	3493.4	2.9970e+001	1.607e-001	1.379e+009	3.556e-007	5.508e-003	2.002e-001	5.476e+000	8.342e-001	1.629e+001	5.082e-006	33.534	6.411e-001	1.835e+002
17	5615.4	3.0080e+001	9.740e-001	5.217e+009	1.300e-007	1.074e-002	2.660e-001	1.747e+001	8.311e-001	4.743e+001	3.092e-005	40.226	1.102e+000	1.963e+002
18	3019.2	3.0160e+001	6.662e-001	6.655e+009	2.943e-008	7.965e-003	2.321e-001	2.388e+001	8.621e-001	6.645e+001	2.590e-005	49.768	6.863e-001	2.273e+002
19														
20														
21	4191.1	3.0100e+001	7.591e-001	5.452e+009	4.047e-007	7.490e-003	2.326e-001	1.369e+001	8.306e-001	4.635e+001	2.203e-005	37.409	8.059e-001	1.923e+002
22	4401.6	3.0140e+001	7.802e-001	5.342e+009	-1.47E-08	8.799e-003	2.654e-001	2.017e+001	8.626e-001	5.193e+001	2.835e-005	41.307	8.736e-001	1.985e+002
23	3474.7	3.0100e+001	6.903e-001	5.980e+009	-3.92E-08	1.040e-002	2.326e-001	2.075e+001	8.306e-001	5.633e+001	2.420e-005	57.774	7.849e-001	2.259e+002
24	4157.9	3.0160e+001	7.668e-001	5.562e+009	4.881e-007	1.014e-002	2.653e-001	1.746e+001	8.621e-001	5.179e+001	2.615e-005	47.381	9.016e-001	2.168e+002
25	4270.9	3.0160e+001	8.574e-001	6.055e+009	4.071e-007	1.266e-002	2.653e-001	2.056e+001	8.621e-001	5.720e+001	3.072e-005	58.024	9.384e-001	2.197e+002
26	3258.6	3.0110e+001	7.312e-001	6.756e+009	-4.91E-09	6.374e-003	2.657e-001	2.469e+001	8.635e-001	6.533e+001	2.675e-005	38.725	6.853e-001	2.103e+002
27	3491.1	3.0160e+001	7.087e-001	6.123e+009	0.000e+000	5.727e-003	2.653e-001	2.361e+001	8.621e-001	6.112e+001	2.741e-005	35.378	6.593e-001	1.888e+002
28	4158.6	3.0130e+001	7.287e-001	5.280e+009	0.000e+000	1.035e-002	2.323e-001	2.017e+001	8.961e-001	5.414e+001	3.133e-005	51.809	8.834e-001	2.124e+002
29	4066.3	3.0130e+001	8.088e-001	5.993e+009	0.000e+000	7.900e-003	2.323e-001	2.280e+001	8.961e-001	6.104e+001	3.448e-005	40.358	8.418e-001	2.070e+002
30	4693.8	3.0220e+001	7.913e-001	5.095e+009	1.570e-007	1.164e-002	2.316e-001	1.578e+001	8.273e-001	4.609e+001	2.586e-005	49.437	1.036e+000	2.207e+002
31	4242	3.0130e+001	7.845e-001	5.572e+009	-1.23E-08	1.015e-002	2.323e-001	1.792e+001	8.961e-001	5.389e+001	3.018e-005	46.764	9.806e-001	2.312e+002
32	4812.4	3.0060e+001	9.262e-001	5.785e+009	1.938e-007	9.703e-003	2.329e-001	1.712e+001	8.317e-001	5.229e+001	3.015e-005	43.014	9.595e-001	1.994e+002
33	3534.9	3.0100e+001	6.204e-001	5.283e+009	0.000e+000	6.378e-003	2.326e-001	1.846e+001	8.306e-001	4.968e+001	2.174e-005	38.97	6.818e-001	1.929e+002
34	2412.5	3.0130e+001	4.690e-001	5.857e+009	1.055e-007	4.671e-003	2.323e-001	1.932e+001	8.961e-001	5.632e+001	1.832e-005	39.031	5.052e-001	2.094e+002
35	3522.2	3.0070e+001	6.964e-001	5.946e+009	0.000e+000	7.936e-003	2.328e-001	2.047e+001	8.646e-001	5.780e+001	2.591e-005	45.494	7.682e-001	2.181e+002
36	4781.3	3.0150e+001	8.302e-001	5.235e+009	0.000e+000	2.570e-003	2.322e-001	1.816e+001	8.292e-001	4.955e+001	2.836e-005	14.395	7.191e-001	1.504e+002
37	5033.4	3.0260e+001	8.540e-001	5.134e+009	0.000e+000	1.026e-002	2.313e-001	1.705e+001	8.592e-001	4.902e+001	3.169e-005	40.945	1.054e+000	2.093e+002
38	4149.4	3.0220e+001	7.674e-001	5.589e+009	0.000e+000	9.788e-003	2.316e-001	2.140e+001	8.273e-001	5.426e+001	2.833e-005	48.643	8.820e-001	2.126e+002
39	4535.3	3.0130e+001	7.235e-001	4.806e+009	-1.72E-08	4.608e-003	2.323e-001	1.460e+001	8.961e-001	4.575e+001	2.701e-005	24.096	6.995e-001	1.542e+002
40	4015.1	3.0120e+001	6.197e-001	4.649e+009	0.000e+000	9.408e-003	2.324e-001	1.613e+001	8.300e-001	4.239e+001	1.927e-005	48.174	8.810e-001	2.194e+002
41	3064.8	3.0170e+001	6.108e-001	6.012e+009	2.845e-007	7.299e-003	2.320e-001	2.017e+001	8.286e-001	5.666e+001	2.156e-005	47.928	6.519e-001	2.127e+002
42	3507.4	3.0170e+001	5.834e-001	5.018e+009	2.870e-007	8.162e-003	2.320e-001	1.552e+001	8.286e-001	4.643e+001	1.995e-005	51.21	6.926e-001	1.975e+002
43	4940.2	3.0130e+001	9.413e-001	5.741e+009	1.472e-008	1.045e-002	2.655e-001	1.926e+001	8.297e-001	5.173e+001	3.059e-005	47.76	9.315e-001	1.886e+002
44	3393.8	3.0210e+001	7.146e-001	6.361e+009	0.000e+000	1.067e-002	2.648e-001	2.645e+001	8.606e-001	6.403e+001	2.793e-005	58.557	8.025e-001	2.365e+002
45	3991.5	3.0190e+001	7.408e-001	5.603e+009	0.000e+000	1.002e-002	2.319e-001	1.966e+001	8.612e-001	5.432e+001	2.831e-005	49.983	9.016e-001	2.259e+002
46	5116.9	3.0040e+001	9.172e-001	5.385e+009	3.630e-007	4.687e-003	2.663e-001	1.774e+001	8.322e-001	4.899e+001	2.953e-005	24.301	7.579e-001	1.481e+002
47	4920.9	3.0040e+001	8.139e-001	4.968e+009	2.845e-007	1.041e-002	2.663e-001	1.635e+001	8.655e-001	4.605e+001	2.809e-005	45.107	1.010e+000	2.051e+002
48	4495.1	3.0070e+001	8.402e-001	5.621e+009	0.000e+000	1.196e-003	2.328e-001	1.888e+001	8.979e-001	5.544e+001	3.365e-005	7.749	6.014e-001	1.338e+002
49	3648.9	3.0040e+001	6.655e-001	5.479e+009	2.624e-007	7.596e-003	2.663e-001	1.909e+001	8.655e-001	5.203e+001	2.404e-005	43.941	7.196e-001	1.972e+002
50	2443.6	3.0310e+001	4.532e-001	5.622e+009	3.115e-007	6.994e-003	2.309e-001	1.787e+001	8.908e-001	5.500e+001	1.835e-005	55.328	5.602e-001	2.292e+002
51	3509.7	3.0140e+001	6.445e-001	5.534e+009	0.000e+000	9.827e-003	2.654e-001	2.278e+001	8.626e-001	5.632e+001	2.500e-005	55.806	8.025e-001	2.287e+002
52	3436.1	2.9970e+001	1.160e-001	1.012e+009	3.385e-007	9.211e-003	2.002e-001	5.568e+000	8.342e-001	1.485e+001	4.802e-006	56.323	7.280e-001	2.119e+002
53	4467.2	3.0190e+001	7.994e-001	5.402e+009	1.717e-007	1.031e-002	2.650e-001	1.823e+001	8.281e-001	4.941e+001	2.548e-005	47.83	9.855e-001	2.206e+002
54	3448.2	3.0130e+001	6.283e-001	5.490e+009	0.000e+000	7.648e-003	2.323e-001	2.049e+001	8.961e-001	5.562e+001	2.636e-005	46.001	7.628e-001	2.212e+002
55	3301.9	3.0170e+001	6.178e-001	5.645e+009	3.434e-008	9.054e-003	2.320e-001	1.872e+001	8.286e-001	5.289e+001	2.193e-005	52.933	7.750e-001	2.347e+002
56	3194.2	3.0290e+001	5.804e-001	5.504e+009	8.830e-008	8.835e-003	2.641e-001	1.981e+001	8.584e-001	5.191e+001	2.075e-005	53.714	7.378e-001	2.310e+002
57	4238.5	3.0130e+001	7.168e-001	5.095e+009	-1.47E-08	1.082e-002	2.655e-001	1.829e+001	8.297e-001	4.757e+001	2.368e-005	51.643	9.364e-001	2.209e+002
58	3166.5	3.0680e+001	6.436e-001	6.236e+009	0.000e+000	2.649e-003	2.934e-001	2.959e+001	9.126e-001	6.739e+001	2.967e-005	19.426	4.930e-001	1.557e+002
59	5870.2	3.0200e+001	9.225e-001	4.746e+009	2.306e-007	1.088e-002	2.318e-001	1.287e+001	8.940e-001	4.412e+001	3.355e-005	42.152	1.088e+000	1.853e+002
60	4412	3.0050e+001	8.568e-001	5.836e+009	2.649e-007	9.894e-003	2.329e-001	1.779e+001	8.652e-001	5.470e+001	3.079e-005	46.955	9.315e-001	2.111e+002
61	4717.3	3.0310e+001	8.743e-001	5.618e+009	5.420e-007	1.058e-002	2.309e-001	1.518e+001	8.578e-001	5.147e+001	2.968e-005	48.367	9.791e-001	2.076e+002
62	4704.3	3.0930e+001	9.256e-001	6.086e+009	3.679e-007	9.468e-003	2.263e-001	1.606e+001	8.083e-001	5.182e+001	2.944e-005	42.58	9.045e-001	1.923e+002
63	5136.5	3.0310e+001	9.018e-001	5.321e+009	3.728e-007	1.346e-002	2.969e-001	1.939e+001	8.578e-001	4.985e+001	2.994e-005	54.734	1.109e+000	2.158e+002
64	4866.5	3.0160e+001	8.615e-001	5.339e+009	3.826e-007	1.275e-002	2.653e-001	1.714e+001	8.621e-001	4.899e+001	2.941e-005	53.382	1.090e+000	2.241e+002
65	4778.9	3.0150e+001	7.868e-001	4.964e+009	0.000e+000	1.238e-002	2.322e-001	1.919e+001	8.292e-001	4.896e+001	2.919e-005	54.992	9.938e-001	2.080e+002
66	5360	3.0120e+001	9.458e-001	5.315e+009	1.349e-007	1.245e-002	2.324e-001	1.455e+001	8.300e-001	4.677e+001	2.943e-005	47.809	1.158e+000	2.161e+002
67	6787	3.0470e+001	1.018e+000	4.569e+009	6.377e-007	4.819e-003	2.626e-001	1.185e+001	8.861e-001	4.047e+001	3.395e-005	19.691	8.923e-001	1.315e+002
68	4335.5	3.0070e+001	7.769e-001	5.388e+009	3.753e-007	9.179e-003	2.660e-001	1.889e+001	8.646e-001	5.148e+001	2.787e-005	44.729	9.286e-001	2.142e+002
69	3640.7	3.0470e+001	6.734e-001	5.636e+009	2.118e-022	9.175e-003	2.626e-001	2.142e+001	8.861e-001	5.672e+001	2.738e-005	50.673	7.966e-001	2.188e+002
70	5592.9	3.0180e+001	9.192e-001	4.960e+009	8.830e-008	1.122e-002	2.651e-001	1.614e+001	8.284e-001	4.324e+001	2.842e-005	44.632	1.105e+000	1.975e+002
71	5864.4	3.0170e+001	1.007e+000	5.183e+009	3.630e-007	1.579e-002	2.320e-001	1.447e+001	8.286e-001	4.550e+001	3.198e-005	52.569	1.382e+000	2.356e+002
72	4233.4	3.0020e+001	7.718e-001	5.473e+009	0.000e+000	9.800e-003	2.332e-001	1.877e+001	8.328e-001	5.156e+001	2.690e-005	47.302	9.516e-001	2.248e+002
73	5953.8	3.0250e+001	9.193e-001	4.671e+009	1.079e-007	1.233e-002	2.645e-001	1.681e+001	8.264e-001	4.301e+001	3.061e-005	46.744	1.142e+000	1.919e+002
74	4898.6	3.0200e+001	8.342e-001	5.143e+009	1.962e-008	1.208e-002	2.318e-001	1.652e+001	8.940e-001	5.067e+001	3.280e-005	51.821	1.051e+000	2.146e+002
75	3850.9	3.0050e+001	7.411e-001	5.783e+009	3.728e-007	6.229e-003	2.329e-001	1.720e+001	8.652e-001	5.375e+001	2.613e-005	37.271	7.054e-001	1.832e+002