RECORD	MEAN AREA	ESTIMATED_LENGTH(*)	GRADIENT(*)	EMOD(*)(#)	DECRIMPING_WORK	EXTENSION_WORK	START_X(*)	START_Y	END_X(*)	END_Y	ANALYSIS_WORK	BREAK_STRAIN(*)(#)	BREAK_LOAD	TENSILE_STRENGTH
1	4828.3	3.0140e+001	7.358e-001	4.593e+009	9.320e-007	1.302e-002	2.654e-001	7.213e+000	8.626e-001	3.424e+001	1.770e-005	59.124	1.034e+000	2.142e+002
2	3954.2	3.0260e+001	7.544e-001	5.773e+009	1.766e-007	5.959e-003	2.644e-001	2.270e+001	8.592e-001	5.768e+001	2.886e-005	36.88	6.779e-001	1.714e+002
3	3592	3.0060e+001	6.557e-001	5.488e+009	5.641e-008	7.961e-003	2.329e-001	1.789e+001	8.649e-001	5.271e+001	2.428e-005	51.198	6.887e-001	1.917e+002
4	4177.7	3.0600e+001	6.938e-001	5.081e+009	0.000e+000	7.190e-003	2.614e-001	2.031e+001	8.497e-001	5.037e+001	2.674e-005	45.098	6.750e-001	1.616e+002
5	3738	3.0100e+001	6.328e-001	5.096e+009	0.000e+000	7.240e-003	2.326e-001	1.890e+001	8.638e-001	5.105e+001	2.470e-005	49.435	6.465e-001	1.730e+002
6	3957.9	3.0100e+001	6.800e-001	5.172e+009	2.453e-008	8.092e-003	2.326e-001	1.549e+001	8.638e-001	4.809e+001	2.398e-005	48.671	7.417e-001	1.874e+002
7	2980.7	3.0470e+001	5.298e-001	5.416e+009	1.668e-007	6.005e-004	2.626e-001	2.255e+001	8.861e-001	5.628e+001	2.265e-005	6.17	3.934e-001	1.320e+002
8	4008	3.0000e+001	7.078e-001	5.298e+009	8.991e-006	7.724e-003	1.433e+000	2.790e+001	2.000e+000	5.777e+001	2.946e-005	44.5	7.814e-001	1.950e+002
9	2491	2.9980e+001	3.816e-001	4.592e+009	6.745e-007	5.606e-003	2.001e-001	1.378e+001	8.005e-001	3.958e+001	1.070e-005	48.866	5.023e-001	2.016e+002
10	4644.2	3.0110e+001	7.938e-001	5.147e+009	0.000e+000	8.384e-003	2.657e-001	1.922e+001	8.303e-001	4.806e+001	2.662e-005	42.411	8.957e-001	1.929e+002
11	2911.9	3.0080e+001	5.160e-001	5.330e+009	4.905e-008	5.040e-003	2.327e-001	1.904e+001	8.644e-001	5.273e+001	2.011e-005	43.717	4.896e-001	1.681e+002
12	4493.5	3.0160e+001	7.315e-001	4.910e+009	1.962e-007	9.503e-003	2.321e-001	1.637e+001	8.952e-001	4.891e+001	2.970e-005	50.099	8.491e-001	1.890e+002
13	3363.9	3.0260e+001	6.044e-001	5.437e+009	-4.91E-09	8.666e-003	2.644e-001	2.231e+001	8.592e-001	5.468e+001	2.369e-005	60.212	6.328e-001	1.881e+002
14	3237.5	3.0360e+001	6.064e-001	5.686e+009	0.000e+000	2.990e-003	2.306e-001	2.136e+001	8.893e-001	5.879e+001	2.645e-005	24.736	4.258e-001	1.315e+002
15	2616.9	3.0090e+001	4.467e-001	5.137e+009	0.000e+000	6.357e-003	2.326e-001	2.062e+001	8.308e-001	5.155e+001	1.718e-005	54.536	5.322e-001	2.034e+002
16	3589.6	3.0220e+001	5.740e-001	4.833e+009	5.715e-007	8.081e-003	2.647e-001	1.449e+001	8.273e-001	4.250e+001	1.722e-005	55.592	6.485e-001	1.807e+002
17	4322.2	3.0190e+001	7.095e-001	4.956e+009	3.924e-008	7.861e-003	2.319e-001	1.578e+001	8.612e-001	4.733e+001	2.570e-005	43.392	8.265e-001	1.912e+002
18	3986.5	3.0300e+001	6.854e-001	5.209e+009	0.000e+000	6.053e-003	2.640e-001	2.338e+001	8.251e-001	5.316e+001	2.554e-005	37.723	6.970e-001	1.749e+002
19	3717.8	3.0260e+001	7.008e-001	5.704e+009	0.000e+000	5.371e-003	2.644e-001	2.335e+001	8.592e-001	5.792e+001	2.737e-005	37.079	5.832e-001	1.569e+002
20	2688.3	3.0060e+001	4.939e-001	5.522e+009	0.000e+000	4.857e-003	2.329e-001	2.135e+001	8.649e-001	5.583e+001	1.964e-005	44.411	4.739e-001	1.763e+002
21	4866.9	3.0180e+001	8.709e-001	5.400e+009	0.000e+000	6.975e-003	2.651e-001	1.965e+001	8.284e-001	5.009e+001	2.895e-005	37.276	7.819e-001	1.607e+002
22	6607.2	3.0060e+001	1.148e+000	5.224e+009	0.000e+000	9.509e-003	2.329e-001	1.730e+001	8.649e-001	4.974e+001	4.226e-005	37.824	1.072e+000	1.622e+002
23	4819.6	3.0060e+001	8.246e-001	5.143e+009	-2.94E-08	9.824e-003	2.329e-001	1.659e+001	8.649e-001	4.855e+001	2.978e-005	49.069	8.967e-001	1.861e+002
24	3697	3.0150e+001	6.022e-001	4.911e+009	0.000e+000	7.642e-003	2.322e-001	1.672e+001	8.624e-001	4.697e+001	2.205e-005	46.269	7.515e-001	2.033e+002
25	3418.9	3.0380e+001	5.726e-001	5.088e+009	0.000e+000	7.297e-003	2.304e-001	1.980e+001	8.229e-001	4.936e+001	2.147e-005	48.848	6.853e-001	2.004e+002
26	3475.1	3.0100e+001	5.389e-001	4.668e+009	4.415e-008	8.529e-003	2.326e-001	1.510e+001	8.638e-001	4.390e+001	1.940e-005	54.884	7.196e-001	2.071e+002
27	3532.2	3.0120e+001	5.846e-001	4.985e+009	0.000e+000	6.553e-003	2.324e-001	1.861e+001	8.632e-001	5.027e+001	2.307e-005	44.887	6.181e-001	1.750e+002
28	3286.4	3.0150e+001	6.151e-001	5.643e+009	0.000e+000	7.177e-003	2.653e-001	2.299e+001	8.624e-001	5.657e+001	2.401e-005	47.662	6.902e-001	2.100e+002
29	5113.6	3.0120e+001	9.224e-001	5.433e+009	0.000e+000	1.065e-002	2.324e-001	1.928e+001	8.632e-001	5.343e+001	3.514e-005	49.535	9.188e-001	1.797e+002
30	5181	3.0060e+001	9.376e-001	5.440e+009	7.113e-008	1.125e-002	2.329e-001	1.685e+001	8.649e-001	5.132e+001	3.390e-005	48.303	1.093e+000	2.110e+002
31	4769.7	3.0150e+001	8.162e-001	5.159e+009	0.000e+000	7.570e-003	2.322e-001	1.759e+001	8.624e-001	4.916e+001	3.021e-005	42.62	7.515e-001	1.576e+002
32	3445.7	3.0090e+001	6.480e-001	5.659e+009	4.905e-008	6.880e-003	2.326e-001	1.836e+001	8.308e-001	5.196e+001	2.192e-005	46.76	6.554e-001	1.902e+002
33	3992	3.0050e+001	7.375e-001	5.552e+009	-1.47E-08	8.637e-003	2.329e-001	1.806e+001	8.319e-001	5.087e+001	2.508e-005	48.719	8.329e-001	2.087e+002
34	3959.3	3.0030e+001	6.551e-001	4.969e+009	1.839e-007	1.018e-002	2.331e-001	1.673e+001	8.325e-001	4.658e+001	2.298e-005	61.072	7.858e-001	1.985e+002
35	5125.9	3.0060e+001	8.960e-001	5.255e+009	0.000e+000	9.705e-003	2.329e-001	1.780e+001	8.649e-001	5.081e+001	3.384e-005	45.775	9.492e-001	1.852e+002
36	3816.5	3.0130e+001	7.277e-001	5.745e+009	2.943e-008	8.935e-003	2.655e-001	2.134e+001	8.297e-001	5.450e+001	2.487e-005	54.73	7.235e-001	1.896e+002
37	3830.4	3.0020e+001	6.499e-001	5.093e+009	0.000e+000	6.981e-003	2.332e-001	1.754e+001	8.661e-001	4.918e+001	2.408e-005	45.17	6.809e-001	1.777e+002
38	4617.4	3.0070e+001	8.450e-001	5.503e+009	1.226e-007	1.002e-002	2.328e-001	1.848e+001	8.314e-001	5.174e+001	2.962e-005	49.019	9.477e-001	2.052e+002
39	5636	3.0120e+001	9.376e-001	5.011e+009	4.905e-008	1.255e-002	2.324e-001	1.541e+001	8.632e-001	4.683e+001	3.302e-005	49.535	1.159e+000	2.057e+002
40	2740.5	2.9980e+001	5.507e-001	6.025e+009	2.649e-006	5.309e-003	6.004e-001	1.665e+001	1.067e+000	4.457e+001	1.168e-005	43.829	5.425e-001	1.980e+002
41	4904	3.0050e+001	8.433e-001	5.168e+009	1.472e-008	9.378e-003	2.329e-001	1.590e+001	8.319e-001	4.641e+001	2.790e-005	47.754	8.692e-001	1.772e+002
42	6059.8	3.0150e+001	1.050e+000	5.223e+009	0.000e+000	1.093e-002	2.322e-001	1.676e+001	8.624e-001	4.889e+001	3.782e-005	44.942	1.067e+000	1.761e+002
43	3493.2	3.0190e+001	6.066e-001	5.243e+009	0.000e+000	7.399e-003	2.319e-001	1.868e+001	8.612e-001	5.154e+001	2.314e-005	47.3	7.147e-001	2.046e+002
44	5701.7	3.0170e+001	9.674e-001	5.119e+009	4.905e-008	8.595e-003	2.320e-001	1.437e+001	8.618e-001	4.654e+001	3.258e-005	38.847	9.330e-001	1.636e+002
45	3780.8	3.0170e+001	6.271e-001	5.004e+009	3.188e-007	5.893e-003	2.320e-001	1.310e+001	8.618e-001	4.333e+001	2.002e-005	40.404	6.097e-001	1.613e+002
46	4184.3	3.0180e+001	7.101e-001	5.121e+009	0.000e+000	9.360e-003	2.651e-001	2.098e+001	8.284e-001	4.935e+001	2.539e-005	51.359	8.540e-001	2.041e+002
47	3847.8	3.0080e+001	6.688e-001	5.228e+009	2.698e-008	7.377e-003	2.327e-001	1.696e+001	8.644e-001	5.036e+001	2.471e-005	48.969	6.853e-001	1.781e+002
48	3972.8	3.0140e+001	4.973e-001	3.773e+009	2.796e-007	6.570e-003	2.322e-001	1.173e+001	8.295e-001	3.371e+001	1.647e-005	42.9	6.696e-001	1.685e+002
49	3972.9	3.0150e+001	6.447e-001	4.893e+009	3.188e-007	9.259e-003	2.653e-001	1.729e+001	8.624e-001	4.680e+001	2.353e-005	56.551	7.255e-001	1.826e+002
50	3694.3	3.0080e+001	6.663e-001	5.425e+009	0.000e+000	8.270e-003	2.327e-001	1.912e+001	8.644e-001	5.378e+001	2.570e-005	49.136	7.736e-001	2.094e+002
51	1958.6	3.0170e+001	3.961e-001	6.101e+009	-4.91E-09	4.637e-003	2.320e-001	2.379e+001	8.618e-001	6.136e+001	1.595e-005	49.486	4.302e-001	2.196e+002
52	6738.6	3.0080e+001	9.737e-001	4.346e+009	6.720e-007	1.324e-002	2.327e-001	1.056e+001	8.644e-001	3.851e+001	3.121e-005	46.642	1.277e+000	1.896e+002
53	4392.2	3.0160e+001	7.128e-001	4.894e+009	0.000e+000	1.044e-002	2.653e-001	1.876e+001	8.289e-001	4.568e+001	2.419e-005	53.415	8.952e-001	2.038e+002
54	2919.9	3.0050e+001	5.029e-001	5.176e+009	9.565e-008	6.070e-003	2.329e-001	1.848e+001	8.319e-001	4.973e+001	1.808e-005	50.849	5.381e-001	1.843e+002
55	3903.4	3.0050e+001	7.120e-001	5.481e+009	1.717e-008	9.252e-003	2.329e-001	1.709e+001	8.319e-001	4.951e+001	2.353e-005	52.213	8.305e-001	2.128e+002
56	5323.5	3.0180e+001	9.382e-001	5.319e+009	6.132e-008	1.268e-002	2.651e-001	1.732e+001	8.284e-001	4.699e+001	2.915e-005	54.672	1.051e+000	1.975e+002
57	4725.6	3.0190e+001	8.187e-001	5.230e+009	0.000e+000	1.089e-002	2.319e-001	1.754e+001	8.612e-001	5.066e+001	3.029e-005	53.064	9.394e-001	1.988e+002
58	4579.6	3.0220e+001	7.032e-001	4.640e+009	5.494e-007	6.881e-003	2.647e-001	1.371e+001	8.604e-001	4.113e+001	2.244e-005	38.815	7.510e-001	1.640e+002
59	5789.7	3.0060e+001	1.012e+000	5.254e+009	0.000e+000	8.887e-003	2.661e-001	1.847e+001	8.649e-001	5.024e+001	3.620e-005	40.12	9.796e-001	1.692e+002
60	5262	3.0210e+001	9.766e-001	5.607e+009	0.000e+000	1.318e-002	2.317e-001	1.827e+001	8.937e-001	5.481e+001	3.905e-005	56.438	1.068e+000	2.030e+002
61	3073.9	2.9980e+001	5.434e-001	5.300e+009	2.553e-006	7.857e-003	8.672e-001	3.048e+001	1.734e+000	7.596e+001	4.285e-005	58.205	6.088e-001	1.980e+002
62	4698.2	3.0170e+001	8.623e-001	5.537e+009	0.000e+000	9.888e-003	2.320e-001	1.827e+001	8.618e-001	5.241e+001	3.159e-005	47.166	9.693e-001	2.063e+002
63	4354.3	3.0100e+001	7.474e-001	5.166e+009	5.126e-007	1.956e-003	2.658e-001	1.611e+001	8.638e-001	4.709e+001	2.514e-005	13.223	5.337e-001	1.226e+002
64	4050	3.0150e+001	7.183e-001	5.347e+009	0.000e+000	9.670e-003	2.653e-001	2.059e+001	8.624e-001	5.269e+001	2.743e-005	57.711	7.436e-001	1.836e+002
65	6155.9	3.0040e+001	9.479e-001	4.625e+009	6.009e-007	1.176e-002	2.330e-001	1.155e+001	8.655e-001	4.104e+001	3.082e-005	48.003	1.116e+000	1.813e+002
66	5147.2	3.0170e+001	8.113e-001	4.755e+009	0.000e+000	1.230e-002	2.320e-001	1.582e+001	8.618e-001	4.574e+001	2.972e-005	55.486	1.013e+000	1.969e+002
67	4182.2	3.0150e+001	7.700e-001	5.551e+009	3.287e-007	7.548e-003	2.653e-001	1.959e+001	8.292e-001	5.231e+001	2.576e-005	43.98	7.481e-001	1.789e+002
68	3558.1	3.0240e+001	6.130e-001	5.210e+009	2.256e-007	5.702e-003	2.646e-001	1.958e+001	8.598e-001	5.018e+001	2.271e-005	41.237	5.842e-001	1.642e+002
69	2969	3.0170e+001	5.587e-001	5.677e+009	0.000e+000	5.414e-003	2.320e-001	1.983e+001	8.618e-001	5.469e+001	2.107e-005	44.846	5.229e-001	1.761e+002
70	4564.1	3.0110e+001	8.254e-001	5.445e+009	0.000e+000	9.967e-003	2.657e-001	2.128e+001	8.303e-001	5.202e+001	2.852e-005	50.947	9.055e-001	1.984e+002
71	6045	3.0120e+001	9.556e-001	4.761e+009	2.624e-007	1.442e-002	2.324e-001	1.526e+001	8.632e-001	4.585e+001	3.527e-005	52.457	1.300e+000	2.151e+002
72	6963.9	3.0050e+001	1.242e+000	5.358e+009	4.660e-007	1.504e-002	2.329e-001	1.402e+001	8.319e-001	4.663e+001	3.909e-005	51.048	1.316e+000	1.890e+002
73	4496	2.9980e+001	3.350e-001	2.234e+009	6.352e-007	7.822e-003	2.001e-001	6.219e+000	8.005e-001	2.073e+001	7.939e-006	43.429	7.711e-001	1.715e+002
74	4969.3	3.0150e+001	8.421e-001	5.109e+009	0.000e+000	1.110e-002	2.322e-001	1.856e+001	8.292e-001	4.916e+001	2.975e-005	51.509	9.894e-001	1.991e+002
75	6040.2	3.0020e+001	1.070e+000	5.318e+009	1.300e-007	1.262e-002	2.332e-001	1.486e+001	8.328e-001	4.710e+001	3.302e-005	47.901	1.226e+000	2.030e+002
76	5878.6	3.0050e+001	9.196e-001	4.701e+009	1.349e-007	1.304e-002	2.329e-001	1.394e+001	8.319e-001	4.172e+001	2.964e-005	54.143	1.112e+000	1.892e+002
77	4138.5	3.0050e+001	8.101e-001	5.882e+009	1.324e-007	8.471e-003	2.329e-001	1.624e+001	8.319e-001	5.192e+001	2.550e-005	47.82	7.736e-001	1.869e+002
78	3626.7	3.0210e+001	6.699e-001	5.580e+009	1.472e-008	8.403e-003	2.317e-001	1.785e+001	8.937e-001	5.437e+001	2.639e-005	50.645	7.652e-001	2.110e+002
79	6376	3.0090e+001	1.035e+000	4.882e+009	4.415e-008	1.190e-002	2.326e-001	1.462e+001	8.308e-001	4.424e+001	3.383e-005	44.267	1.182e+000	1.854e+002
80	3133.7	3.0520e+001	5.466e-001	5.324e+009	2.011e-007	5.269e-003	2.621e-001	1.988e+001	8.191e-001	4.946e+001	1.852e-005	40.301	5.489e-001	1.752e+002
81	4490.4	3.0260e+001	7.992e-001	5.386e+009	2.109e-007	9.646e-003	2.644e-001	1.802e+001	8.592e-001	5.058e+001	2.763e-005	48.843	8.952e-001	1.994e+002
82	5248.6	3.0180e+001	5.773e-001	3.319e+009	0.000e+000	1.155e-002	2.651e-001	1.299e+001	8.284e-001	3.234e+001	1.838e-005	52.518	1.032e+000	1.966e+002
83	4004.2	3.0380e+001	7.331e-001	5.562e+009	0.000e+000	7.422e-003	2.304e-001	2.034e+001	8.229e-001	5.243e+001	2.628e-005	42.693	7.721e-001	1.928e+002
84	3192.5	3.0150e+001	5.769e-001	5.448e+009	0.000e+000	6.906e-003	2.322e-001	2.074e+001	8.292e-001	5.332e+001	2.080e-005	50.945	5.999e-001	1.879e+002
85	4319.4	3.0280e+001	7.199e-001	5.047e+009	2.943e-008	8.138e-003	2.642e-001	1.908e+001	8.256e-001	4.702e+001	2.445e-005	44.353	8.300e-001	1.922e+002
86	4285.1	3.0280e+001	6.496e-001	4.590e+009	0.000e+000	7.867e-003	2.642e-001	1.843e+001	8.917e-001	4.716e+001	2.698e-005	44.914	8.025e-001	1.873e+002
87	4375.4	3.0300e+001	7.646e-001	5.295e+009	0.000e+000	1.171e-002	2.640e-001	1.973e+001	8.251e-001	4.922e+001	2.615e-005	56.139	9.757e-001	2.230e+002
88	4626.4	3.0020e+001	8.006e-001	5.195e+009	0.000e+000	9.929e-003	2.332e-001	1.919e+001	8.661e-001	5.132e+001	3.134e-005	48.101	9.752e-001	2.108e+002
89	3369.9	3.0040e+001	6.717e-001	5.988e+009	0.000e+000	7.331e-003	2.330e-001	2.242e+001	8.655e-001	6.085e+001	2.687e-005	46.871	7.206e-001	2.138e+002
90	5646	3.0130e+001	8.581e-001	4.579e+009	1.010e-006	1.305e-002	2.655e-001	1.086e+001	8.297e-001	3.727e+001	2.286e-005	53.17	1.132e+000	2.004e+002
91	5217.1	3.0160e+001	9.372e-001	5.418e+009	0.000e+000	1.174e-002	2.653e-001	2.059e+001	8.289e-001	5.040e+001	3.167e-005	52.619	1.022e+000	1.959e+002
92	5058.4	3.0050e+001	8.846e-001	5.255e+009	1.815e-007	1.472e-002	2.329e-001	1.503e+001	8.319e-001	4.635e+001	2.854e-005	65.424	1.052e+000	2.079e+002
93	7231.3	3.0280e+001	1.191e+000	4.987e+009	7.849e-008	1.705e-002	2.642e-001	1.737e+001	8.917e-001	4.830e+001	4.499e-005	56.836	1.386e+000	1.916e+002
94	5280.6	3.0080e+001	9.221e-001	5.253e+009	1.251e-007	9.587e-003	2.327e-001	1.626e+001	8.644e-001	5.063e+001	3.435e-005	45.279	9.335e-001	1.768e+002
95	4193.9	3.0380e+001	7.632e-001	5.529e+009	5.126e-007	9.577e-003	2.633e-001	1.661e+001	8.229e-001	4.854e+001	2.332e-005	50.197	8.403e-001	2.004e+002
96	2896.5	3.0130e+001	5.378e-001	5.594e+009	0.000e+000	6.692e-003	2.323e-001	2.151e+001	8.297e-001	5.504e+001	1.976e-005	52.605	5.612e-001	1.937e+002
97	5152.4	3.0210e+001	9.069e-001	5.317e+009	4.096e-007	1.200e-002	2.317e-001	1.552e+001	8.606e-001	4.951e+001	3.144e-005	50.05	1.103e+000	2.140e+002
98	6810.4	3.0360e+001	1.163e+000	5.184e+009	2.379e-007	1.655e-002	2.306e-001	1.455e+001	8.893e-001	4.819e+001	4.269e-005	56.225	1.342e+000	1.971e+002
99	5411.9	3.0120e+001	9.372e-001	5.216e+009	0.000e+000	1.365e-002	2.324e-001	1.885e+001	8.632e-001	5.275e+001	3.713e-005	55.91	1.134e+000	2.095e+002
100														