RECORD	MEAN AREA	ESTIMATED_LENGTH(*)	GRADIENT(*)	EMOD(*)(#)	DECRIMPING_WORK	EXTENSION_WORK	START_X(*)	START_Y	END_X(*)	END_Y	ANALYSIS_WORK	BREAK_STRAIN(*)(#)	BREAK_LOAD	TENSILE_STRENGTH
1	2963.2	3.0360e+001	3.875e-001	3.970e+009	2.796e-007	7.514e-003	2.306e-001	1.424e+001	8.893e-001	3.956e+001	1.703e-005	59.289	5.759e-001	1.943e+002
2	4200.6	3.0360e+001	7.290e-001	5.269e+009	1.324e-007	1.020e-002	2.306e-001	1.787e+001	8.893e-001	5.290e+001	3.073e-005	53.162	9.050e-001	2.155e+002
3	2919.4	3.0520e+001	5.234e-001	5.472e+009	1.987e-007	6.378e-003	2.621e-001	1.983e+001	8.191e-001	5.024e+001	1.756e-005	52.359	5.347e-001	1.831e+002
4	4667.4	3.0240e+001	6.884e-001	4.460e+009	5.102e-007	8.310e-003	2.646e-001	7.777e+000	8.598e-001	3.079e+001	1.375e-005	42.956	8.633e-001	1.850e+002
5	3832.7	3.0340e+001	6.628e-001	5.247e+009	1.398e-007	8.010e-003	2.966e-001	2.201e+001	8.570e-001	5.119e+001	2.417e-005	50	7.250e-001	1.892e+002
6	3286.1	3.0600e+001	5.875e-001	5.471e+009	0.000e+000	6.319e-003	2.614e-001	2.179e+001	8.497e-001	5.404e+001	2.237e-005	46.797	5.720e-001	1.741e+002
7	4112.2	3.0270e+001	7.486e-001	5.510e+009	1.251e-007	7.083e-003	2.313e-001	1.777e+001	8.259e-001	5.117e+001	2.564e-005	43.211	7.020e-001	1.707e+002
8	3155	3.0340e+001	5.934e-001	5.707e+009	4.905e-009	6.115e-003	2.966e-001	2.410e+001	8.570e-001	5.644e+001	2.163e-005	45.386	5.955e-001	1.888e+002
9	4021.1	3.0090e+001	7.384e-001	5.525e+009	6.867e-008	8.398e-003	2.326e-001	1.696e+001	8.308e-001	5.014e+001	2.455e-005	49.452	7.539e-001	1.875e+002
10	3281	3.0740e+001	5.986e-001	5.608e+009	0.000e+000	7.696e-003	2.928e-001	2.557e+001	8.458e-001	5.636e+001	2.296e-005	53.936	6.294e-001	1.918e+002
11	2597.6	3.0520e+001	4.717e-001	5.542e+009	1.275e-007	7.042e-003	2.621e-001	2.077e+001	8.191e-001	5.155e+001	1.611e-005	58.453	5.705e-001	2.196e+002
12	3008	3.0340e+001	5.244e-001	5.290e+009	0.000e+000	3.919e-004	2.966e-001	2.511e+001	8.570e-001	5.447e+001	2.054e-005	4.68	3.542e-001	1.177e+002
13	3970.7	3.0310e+001	6.344e-001	4.843e+009	4.170e-007	4.615e-004	2.309e-001	1.322e+001	8.578e-001	4.386e+001	2.092e-005	4.322	5.415e-001	1.364e+002
14	2602.6	3.0300e+001	4.782e-001	5.567e+009	0.000e+000	5.856e-003	2.640e-001	2.601e+001	8.251e-001	5.730e+001	1.850e-005	51.551	4.959e-001	1.906e+002
15	2892.9	3.0300e+001	5.230e-001	5.478e+009	0.000e+000	7.602e-003	2.640e-001	2.340e+001	8.251e-001	5.426e+001	1.924e-005	59.637	5.798e-001	2.004e+002
16	3119.6	3.0260e+001	5.505e-001	5.340e+009	1.472e-008	6.799e-003	2.644e-001	2.154e+001	8.592e-001	5.346e+001	2.111e-005	53.47	5.690e-001	1.824e+002
17	3207.8	3.0070e+001	5.850e-001	5.484e+009	1.447e-007	7.304e-003	2.660e-001	2.095e+001	8.314e-001	5.214e+001	2.030e-005	52.112	6.406e-001	1.997e+002
18	3923.9	3.0210e+001	7.274e-001	5.600e+009	5.151e-007	9.241e-003	2.979e-001	2.188e+001	8.606e-001	5.438e+001	2.566e-005	57.961	7.010e-001	1.786e+002
19	3313.4	3.0480e+001	5.979e-001	5.500e+009	0.000e+000	8.328e-003	2.297e-001	2.221e+001	8.530e-001	5.626e+001	2.504e-005	57.152	6.470e-001	1.953e+002
20	2197.8	2.9980e+001	6.586e-003	8.983e+007	1.006e-007	5.064e-003	2.335e-001	8.258e+000	8.339e-001	9.151e+000	3.431e-006	54.303	4.287e-001	1.951e+002
21	2417.4	3.0150e+001	4.213e-001	5.254e+009	1.202e-007	3.209e-003	2.653e-001	2.354e+001	8.292e-001	5.398e+001	1.604e-005	37.015	3.620e-001	1.498e+002
22	1535.5	3.0410e+001	2.752e-001	5.450e+009	0.000e+000	3.304e-003	2.302e-001	2.715e+001	8.221e-001	5.942e+001	1.211e-005	49.885	2.904e-001	1.891e+002
23	2537.1	3.0370e+001	4.518e-001	5.409e+009	0.000e+000	3.883e-003	2.963e-001	2.784e+001	8.561e-001	5.897e+001	1.882e-005	40.105	3.880e-001	1.529e+002
24	5335.3	3.0280e+001	8.728e-001	4.953e+009	2.698e-007	1.133e-002	2.642e-001	1.554e+001	8.917e-001	4.634e+001	3.141e-005	53.567	8.908e-001	1.670e+002
25	5731	3.0190e+001	6.459e-001	3.402e+009	1.084e-006	3.360e-003	2.319e-001	5.478e+000	8.943e-001	2.730e+001	1.741e-005	17.92	6.877e-001	1.200e+002
26	4865.4	3.0360e+001	8.401e-001	5.242e+009	3.679e-007	1.173e-002	2.306e-001	1.543e+001	8.893e-001	4.981e+001	3.170e-005	56.818	9.330e-001	1.918e+002
27	5694.4	3.0240e+001	9.727e-001	5.165e+009	0.000e+000	9.929e-003	2.315e-001	1.542e+001	8.598e-001	4.721e+001	3.382e-005	44.874	9.354e-001	1.643e+002
28	4360.9	3.0210e+001	6.622e-001	4.587e+009	1.864e-007	2.603e-003	2.317e-001	1.530e+001	8.937e-001	4.544e+001	2.662e-005	18.57	5.136e-001	1.178e+002
29	4700.8	3.0220e+001	7.828e-001	5.032e+009	1.226e-007	8.203e-003	2.647e-001	1.680e+001	8.604e-001	4.633e+001	2.709e-005	43.25	8.148e-001	1.733e+002
30	3417.1	3.0300e+001	5.650e-001	5.010e+009	0.000e+000	4.579e-003	2.640e-001	2.125e+001	8.251e-001	4.895e+001	2.043e-005	35.743	5.209e-001	1.525e+002
31	4717.5	3.0230e+001	8.377e-001	5.368e+009	2.894e-007	1.194e-002	2.316e-001	1.653e+001	8.932e-001	5.157e+001	3.266e-005	56.897	9.717e-001	2.060e+002
32														
33	2279.5	3.0400e+001	4.293e-001	5.725e+009	0.000e+000	4.211e-003	2.632e-001	2.711e+001	8.553e-001	6.090e+001	1.846e-005	44.901	3.998e-001	1.754e+002
34	1834	3.0550e+001	3.436e-001	5.723e+009	0.000e+000	4.562e-003	2.619e-001	2.835e+001	8.183e-001	6.071e+001	1.428e-005	52.209	3.988e-001	2.174e+002
35	3525.1	3.0190e+001	5.669e-001	4.855e+009	0.000e+000	8.367e-003	2.319e-001	1.795e+001	8.612e-001	4.884e+001	2.225e-005	56.343	6.897e-001	1.956e+002
36	4365.6	2.9980e+001	7.110e-001	4.882e+009	8.094e-007	1.010e-002	2.335e-001	8.764e+000	8.339e-001	3.877e+001	1.930e-005	52.568	8.972e-001	2.055e+002
37														
38	3703.3	3.0380e+001	6.695e-001	5.493e+009	1.962e-008	6.387e-003	2.304e-001	1.722e+001	8.229e-001	4.927e+001	2.208e-005	44.635	5.994e-001	1.619e+002
39	4283.5	3.0450e+001	7.485e-001	5.321e+009	0.000e+000	8.557e-003	2.299e-001	1.786e+001	8.539e-001	5.062e+001	2.740e-005	46.765	8.359e-001	1.951e+002
40	3668	3.0400e+001	6.418e-001	5.319e+009	2.453e-007	7.544e-003	2.632e-001	2.113e+001	8.224e-001	5.202e+001	2.274e-005	44.901	7.799e-001	2.126e+002
41	3477.7	3.0300e+001	4.406e-001	3.839e+009	5.788e-007	7.525e-003	2.640e-001	9.309e+000	8.251e-001	3.117e+001	1.169e-005	50.957	6.603e-001	1.899e+002
42	3112.6	3.0550e+001	4.285e-001	4.205e+009	5.469e-007	7.376e-003	2.619e-001	9.141e+000	8.183e-001	3.373e+001	1.080e-005	54.108	6.053e-001	1.945e+002
43	4332.5	3.0620e+001	7.457e-001	5.270e+009	3.679e-007	1.200e-002	2.939e-001	1.800e+001	8.818e-001	4.902e+001	2.614e-005	60.418	9.075e-001	2.095e+002
44	2624.3	2.9970e+001	2.549e-003	2.912e+007	2.698e-008	5.331e-003	2.002e-001	6.168e+000	8.342e-001	6.916e+000	3.368e-006	49.883	4.969e-001	1.894e+002
45	4226.8	2.9980e+001	6.404e-001	4.542e+009	7.775e-007	8.442e-003	2.001e-001	5.106e+000	8.005e-001	3.157e+001	1.181e-005	48.099	7.785e-001	1.842e+002
46	2691	3.0680e+001	4.552e-001	5.189e+009	0.000e+000	5.831e-003	2.934e-001	2.552e+001	8.149e-001	5.195e+001	1.684e-005	53.846	4.802e-001	1.785e+002
47	3736.2	3.0320e+001	6.679e-001	5.420e+009	0.000e+000	7.725e-003	2.639e-001	2.429e+001	8.245e-001	5.462e+001	2.514e-005	49.307	7.088e-001	1.897e+002
48	3060.6	3.0510e+001	5.844e-001	5.826e+009	0.000e+000	7.235e-003	2.294e-001	2.228e+001	8.522e-001	5.930e+001	2.396e-005	52.442	6.186e-001	2.021e+002
49	4387.9	3.0180e+001	6.912e-001	4.754e+009	6.622e-008	6.068e-003	2.651e-001	1.621e+001	8.284e-001	4.237e+001	2.193e-005	36.68	7.137e-001	1.627e+002
50	5389.3	3.0150e+001	9.153e-001	5.120e+009	2.698e-007	1.097e-002	2.653e-001	1.657e+001	8.624e-001	4.697e+001	3.168e-005	49.983	9.659e-001	1.792e+002
51	3891.8	3.0500e+001	7.120e-001	5.580e+009	0.000e+000	8.293e-003	2.295e-001	1.815e+001	8.852e-001	5.395e+001	2.813e-005	49.016	7.461e-001	1.917e+002
52														
53														
54	4445.8	3.0450e+001	7.423e-001	5.084e+009	0.000e+000	9.794e-003	2.299e-001	1.876e+001	8.539e-001	4.987e+001	2.900e-005	50.805	9.055e-001	2.037e+002
55	6007.9	2.9980e+001	4.784e-003	2.387e+007	0.000e+000	1.415e-002	2.335e-001	8.736e+000	8.005e-001	8.818e+000	9.009e-006	53.369	1.228e+000	2.044e+002
56	3501	3.0430e+001	6.366e-001	5.533e+009	0.000e+000	6.036e-003	2.300e-001	2.312e+001	8.216e-001	5.647e+001	2.591e-005	39.796	6.833e-001	1.952e+002
57	4834.4	3.0320e+001	8.673e-001	5.439e+009	3.434e-008	1.247e-002	2.639e-001	1.877e+001	8.245e-001	4.952e+001	2.734e-005	54.321	1.065e+000	2.204e+002
58	4566.1	2.9980e+001	1.089e-002	7.150e+007	0.000e+000	6.478e-004	2.001e-001	6.123e+000	8.005e-001	6.553e+000	5.219e-006	7.038	4.866e-001	1.066e+002
59	4540.8	3.0170e+001	8.464e-001	5.624e+009	8.339e-008	1.060e-002	2.320e-001	1.696e+001	8.618e-001	5.196e+001	2.946e-005	51.608	9.374e-001	2.064e+002
60	5591.2	3.0130e+001	9.219e-001	4.968e+009	1.324e-007	9.445e-003	2.323e-001	1.448e+001	8.297e-001	4.439e+001	2.971e-005	42.317	9.678e-001	1.731e+002
61	3100.8	3.0110e+001	5.130e-001	4.981e+009	0.000e+000	6.247e-003	2.325e-001	1.819e+001	8.303e-001	4.841e+001	1.883e-005	49.386	5.867e-001	1.892e+002
62	3628.7	3.0520e+001	6.334e-001	5.327e+009	0.000e+000	8.189e-003	2.621e-001	2.095e+001	8.191e-001	5.110e+001	2.268e-005	51.212	7.240e-001	1.995e+002
63	2458.1	3.0240e+001	4.594e-001	5.652e+009	0.000e+000	4.659e-003	2.646e-001	2.554e+001	8.598e-001	5.867e+001	1.859e-005	43.717	4.626e-001	1.882e+002
64	2320.1	3.0570e+001	3.999e-001	5.270e+009	1.619e-007	4.880e-003	2.944e-001	2.347e+001	8.505e-001	5.412e+001	1.546e-005	50.965	4.297e-001	1.852e+002
65	3485.6	3.0280e+001	6.256e-001	5.434e+009	2.747e-007	8.885e-003	2.642e-001	1.815e+001	8.917e-001	5.207e+001	2.349e-005	55.68	7.642e-001	2.193e+002
66	3527.5	3.0340e+001	7.550e-001	6.494e+009	2.968e-007	7.669e-003	2.966e-001	2.294e+001	8.570e-001	5.952e+001	2.499e-005	45.386	7.015e-001	1.989e+002
67	3658	3.0040e+001	6.483e-001	5.324e+009	2.011e-007	5.892e-003	2.330e-001	1.703e+001	8.655e-001	5.069e+001	2.394e-005	43.142	5.778e-001	1.580e+002
68	1870.3	3.0220e+001	3.596e-001	5.810e+009	8.339e-008	3.281e-003	2.647e-001	2.492e+001	8.273e-001	5.822e+001	1.326e-005	41.694	3.478e-001	1.860e+002
69	4064.3	3.0190e+001	7.438e-001	5.525e+009	0.000e+000	1.069e-002	2.319e-001	1.822e+001	8.612e-001	5.274e+001	2.770e-005	59.622	8.251e-001	2.030e+002
70	2635.9	3.0710e+001	4.589e-001	5.346e+009	0.000e+000	5.780e-003	2.931e-001	2.475e+001	8.466e-001	5.415e+001	1.790e-005	50.081	5.229e-001	1.984e+002
71	3088.5	3.0340e+001	5.827e-001	5.724e+009	0.000e+000	6.429e-003	2.966e-001	2.557e+001	8.570e-001	5.765e+001	2.213e-005	49.802	5.705e-001	1.847e+002
72	3354.8	3.0240e+001	6.178e-001	5.569e+009	0.000e+000	6.810e-003	2.646e-001	2.413e+001	8.598e-001	5.732e+001	2.483e-005	47.784	6.411e-001	1.911e+002
73	2332.6	3.0480e+001	3.450e-001	4.508e+009	0.000e+000	4.594e-003	2.297e-001	2.229e+001	8.530e-001	4.416e+001	1.237e-005	48.917	4.101e-001	1.758e+002
74	4318.1	3.0410e+001	7.594e-001	5.348e+009	0.000e+000	3.958e-005	2.302e-001	2.033e+001	8.221e-001	5.237e+001	2.839e-005	0.921	2.453e-001	5.680e+001
75	3764.3	3.0340e+001	6.258e-001	5.044e+009	2.085e-007	9.202e-003	2.966e-001	2.072e+001	8.570e-001	4.926e+001	2.273e-005	52.274	8.275e-001	2.198e+002
76	4446.9	3.0260e+001	8.101e-001	5.512e+009	-4.91E-09	7.747e-003	2.644e-001	2.041e+001	8.592e-001	5.339e+001	2.967e-005	41.342	8.324e-001	1.872e+002
77	3509.3	3.0430e+001	6.295e-001	5.458e+009	0.000e+000	6.674e-003	2.300e-001	2.069e+001	8.216e-001	5.228e+001	2.352e-005	47.42	6.141e-001	1.750e+002
78	4049.7	3.0300e+001	7.196e-001	5.384e+009	0.000e+000	1.025e-002	2.640e-001	2.144e+001	8.251e-001	5.208e+001	2.496e-005	58.68	7.932e-001	1.959e+002
79	3003.9	3.0550e+001	5.483e-001	5.577e+009	0.000e+000	6.058e-003	2.619e-001	2.286e+001	8.183e-001	5.389e+001	1.980e-005	47.823	5.450e-001	1.814e+002
80	4695.4	2.9990e+001	-2.06E-03	-1.32E+07	-4.91E-09	7.754e-003	2.001e-001	4.074e+000	8.003e-001	4.074e+000	3.461e-006	44.915	7.329e-001	1.561e+002
81	3701.3	3.0230e+001	5.927e-001	4.841e+009	1.668e-007	8.802e-003	2.316e-001	1.802e+001	8.270e-001	4.652e+001	2.165e-005	52.101	7.677e-001	2.074e+002
82	4731.7	3.0070e+001	8.499e-001	5.401e+009	0.000e+000	9.691e-003	2.660e-001	2.073e+001	8.314e-001	5.121e+001	2.918e-005	47.09	9.511e-001	2.010e+002
83	6129.4	3.0230e+001	8.992e-001	4.435e+009	9.320e-008	9.248e-003	2.316e-001	1.497e+001	8.270e-001	4.106e+001	3.122e-005	38.968	9.948e-001	1.623e+002
84	3615.6	3.0210e+001	6.467e-001	5.404e+009	0.000e+000	6.542e-003	2.317e-001	1.886e+001	8.275e-001	5.020e+001	2.259e-005	46.044	6.141e-001	1.699e+002
85	3841.8	3.0570e+001	6.348e-001	5.051e+009	0.000e+000	7.833e-003	2.617e-001	1.941e+001	8.505e-001	4.941e+001	2.366e-005	46.745	7.333e-001	1.909e+002
86	3146.2	3.0260e+001	5.950e-001	5.722e+009	2.453e-008	6.887e-003	2.644e-001	2.323e+001	8.592e-001	5.753e+001	2.284e-005	48.249	6.451e-001	2.050e+002
87	4101.7	2.9980e+001	6.632e-001	4.847e+009	1.045e-006	1.011e-002	2.001e-001	8.491e+000	8.339e-001	3.731e+001	1.650e-005	52.568	9.001e-001	2.195e+002
88	5875.9	3.0170e+001	9.859e-001	5.062e+009	5.298e-007	9.685e-003	2.320e-001	1.044e+001	8.618e-001	4.182e+001	2.861e-005	44.084	9.536e-001	1.623e+002
89	3686	3.0320e+001	6.780e-001	5.577e+009	3.139e-007	7.492e-003	2.968e-001	2.023e+001	8.245e-001	5.017e+001	2.103e-005	49.703	6.563e-001	1.781e+002
90	3153.5	2.9980e+001	5.922e-002	5.630e+008	2.207e-007	5.445e-003	2.001e-001	5.755e+000	8.005e-001	1.182e+001	3.873e-006	43.229	5.602e-001	1.776e+002
91	2419.5	3.0550e+001	4.597e-001	5.804e+009	0.000e+000	4.797e-003	2.619e-001	2.838e+001	8.183e-001	6.163e+001	1.886e-005	46.678	4.376e-001	1.808e+002
92	3770.7	3.0380e+001	7.632e-001	6.149e+009	-2.21E-08	9.613e-004	2.304e-001	2.003e+001	8.229e-001	5.633e+001	2.651e-005	7.209	5.082e-001	1.348e+002
93	4454.6	3.0340e+001	8.163e-001	5.560e+009	2.011e-007	9.024e-003	2.307e-001	1.707e+001	8.899e-001	5.396e+001	3.260e-005	47.726	8.226e-001	1.847e+002
94	3049	3.0570e+001	4.275e-001	4.286e+009	1.030e-007	6.846e-003	2.617e-001	1.512e+001	8.505e-001	4.022e+001	1.477e-005	52.11	5.602e-001	1.837e+002
95	4437.9	3.0300e+001	7.235e-001	4.940e+009	0.000e+000	1.099e-002	2.640e-001	1.923e+001	8.251e-001	4.664e+001	2.508e-005	55.182	9.055e-001	2.040e+002
96	2598.1	3.0270e+001	4.915e-001	5.726e+009	4.415e-008	4.456e-003	2.313e-001	2.190e+001	8.259e-001	5.664e+001	1.833e-005	41.857	4.601e-001	1.771e+002
97	6214	3.0260e+001	1.111e+000	5.411e+009	1.962e-008	1.358e-002	2.644e-001	1.918e+001	8.592e-001	5.186e+001	3.968e-005	52.875	1.139e+000	1.832e+002
98	3697.7	3.0380e+001	6.433e-001	5.285e+009	9.075e-007	6.135e-003	2.304e-001	5.306e+000	8.229e-001	3.476e+001	1.206e-005	39.236	6.990e-001	1.890e+002
99	2573.2	3.1080e+001	4.894e-001	5.912e+009	0.000e+000	5.789e-003	2.252e-001	2.802e+001	8.366e-001	6.367e+001	2.264e-005	49.485	5.190e-001	2.017e+002
100	3985.9	3.0260e+001	7.427e-001	5.639e+009	0.000e+000	9.119e-003	2.644e-001	2.104e+001	8.592e-001	5.489e+001	2.723e-005	52.71	7.804e-001	1.958e+002