RECORD	CROSS-SECTIONAL AREA	MEAN DIAMETER	MAX DIAMETER	MIN DIAMETER	ELASTIC EMOD	ELASTIC GRADIENT	ELASTIC EXT	ELASTIC STRESS	PLATEAU LOAD	PLATEAU STRESS	LOAD 15%	STRESS 15%	WORK 15%	LOAD 25%	STRESS 25%	WORK 25%	YIELD EXT	POSTYIELD GRADIENT	BREAK EXT	BREAK LOAD	BREAK STRESS	TOTAL WORK	TOUGHNESS
1	4815.4	82.1	95.7	64.1	3.904e+009	6.323e+001	3.14	1.275e-002	6.088e+001	1.264e-002	5.970e+001	1.240e-002	2.525e-003	6.170e+001	1.281e-002	4.320e-003	26.7	3.836e+000	51.55	8.925e+001	1.853e-002	1.019e-002	6.983e+007
2	2482.1	56.7	61.1	51.8	3.920e+009	3.229e+001	2.83	1.225e-002	3.219e+001	1.297e-002	3.175e+001	1.279e-002	1.336e-003	3.405e+001	1.372e-002	2.304e-003	26.34	2.443e+000	50.44	5.210e+001	2.099e-002	5.619e-003	7.371e+007
3	3421.1	67.3	75	58.1	3.662e+009	4.191e+001	3.22	1.253e-002	4.520e+001	1.321e-002	4.410e+001	1.289e-002	1.827e-003	4.760e+001	1.391e-002	3.181e-003	27.14	3.602e+000	51.82	7.655e+001	2.238e-002	8.220e-003	7.886e+007
4	4307.3	75.8	85.1	64.4	3.824e+009	5.600e+001	5.34	1.265e-002	5.576e+001	1.295e-002	5.530e+001	1.284e-002	1.912e-003	5.560e+001	1.291e-002	3.552e-003	30.39	3.342e+000	56.07	8.170e+001	1.897e-002	9.736e-003	7.539e+007
5																							
6	4806.3	83.1	102.5	59.7	4.353e+009	7.066e+001	2.85	1.281e-002	6.172e+001	1.284e-002	6.110e+001	1.271e-002	2.545e-003	6.330e+001	1.317e-002	4.383e-003	24.52	3.729e+000	47.75	8.655e+001	1.801e-002	9.337e-003	6.437e+007
7	5296.9	87.2	107.3	62.9	3.920e+009	7.024e+001	3.02	1.326e-002	7.343e+001	1.386e-002	7.250e+001	1.369e-002	2.986e-003	7.715e+001	1.457e-002	5.189e-003	22.8	6.083e+000	44.27	1.114e+002	2.102e-002	1.056e-002	6.616e+007
8	4092.8	73.6	82.7	63.1	4.036e+009	5.617e+001	4.7	1.336e-002	5.794e+001	1.416e-002	5.735e+001	1.401e-002	2.076e-003	6.105e+001	1.492e-002	3.791e-003	24.82	4.559e+000	46.05	8.710e+001	2.128e-002	8.302e-003	6.768e+007
9	3623.1	68.3	73.1	63.2	4.423e+009	5.322e+001	2.8	1.290e-002	4.861e+001	1.342e-002	4.810e+001	1.328e-002	2.014e-003	5.135e+001	1.417e-002	3.511e-003	24.93	3.558e+000	47.74	7.370e+001	2.034e-002	7.753e-003	6.973e+007
10	7192.3	105.2	132	69.3	3.782e+009	9.199e+001	3.19	1.270e-002	9.679e+001	1.346e-002	9.720e+001	1.351e-002	3.846e-003	1.050e+002	1.459e-002	6.808e-003	22.89	6.260e+000	44.19	1.396e+002	1.941e-002	1.365e-002	6.298e+007
11	3628.8	70	83.5	55.5	3.691e+009	4.476e+001	2.98	1.254e-002	4.629e+001	1.276e-002	4.620e+001	1.273e-002	1.885e-003	4.845e+001	1.335e-002	3.292e-003	26.07	2.132e+000	50.16	6.375e+001	1.757e-002	7.423e-003	6.707e+007
12	3436.6	72	85.5	51.2	4.281e+009	4.909e+001	2.95	1.296e-002	4.523e+001	1.316e-002	4.440e+001	1.292e-002	1.872e-003	4.595e+001	1.337e-002	3.208e-003	29.85	2.588e+000	57.55	6.925e+001	2.015e-002	8.791e-003	8.374e+007
13	3508.3	69.9	85	52.6	4.237e+009	5.038e+001	2.86	1.254e-002	4.553e+001	1.298e-002	4.490e+001	1.280e-002	1.855e-003	4.750e+001	1.354e-002	3.223e-003	23.98	2.930e+000	46.86	6.540e+001	1.864e-002	6.815e-003	6.460e+007
14	3631.3	71.6	86.4	53.5	4.357e+009	5.292e+001	2.82	1.287e-002	4.913e+001	1.353e-002	4.875e+001	1.343e-002	2.026e-003	5.125e+001	1.411e-002	3.506e-003	24.65	3.667e+000	47.62	7.515e+001	2.070e-002	7.806e-003	7.055e+007
15	2897.6	61	67.8	54.4	4.234e+009	4.068e+001	2.73	1.275e-002	3.860e+001	1.332e-002	3.840e+001	1.325e-002	1.634e-003	3.995e+001	1.379e-002	2.792e-003	24.5	2.603e+000	47.1	5.655e+001	1.952e-002	6.005e-003	6.741e+007
16	4826.8	81.2	96.1	63.9	4.415e+009	7.091e+001	2.87	1.335e-002	6.717e+001	1.392e-002	6.590e+001	1.365e-002	2.760e-003	6.960e+001	1.442e-002	4.822e-003	28.21	4.215e+000	54.52	1.064e+002	2.203e-002	1.265e-002	8.558e+007
17	3460.4	71.1	86.5	50.9	4.088e+009	4.752e+001	2.77	1.273e-002	4.726e+001	1.366e-002	4.685e+001	1.354e-002	1.934e-003	4.955e+001	1.432e-002	3.365e-003	27.69	3.136e+000	53.82	7.510e+001	2.170e-002	8.700e-003	8.287e+007
18	3342.2	65	69.3	61.5	3.138e+009	3.547e+001	3.55	1.273e-002	4.359e+001	1.304e-002	4.320e+001	1.293e-002	1.761e-003	4.545e+001	1.360e-002	3.055e-003	22.13	2.741e+000	42.07	5.945e+001	1.779e-002	5.665e-003	5.624e+007
19	4545.2	77.2	86.4	67	4.352e+009	6.626e+001	2.83	1.285e-002	6.065e+001	1.334e-002	5.980e+001	1.316e-002	2.503e-003	6.320e+001	1.390e-002	4.327e-003	22.91	4.367e+000	44.2	8.845e+001	1.946e-002	8.679e-003	6.275e+007
20																							
21	3428.5	66.6	71.5	61	4.311e+009	4.951e+001	2.69	1.259e-002	4.551e+001	1.327e-002	4.560e+001	1.330e-002	1.887e-003	4.800e+001	1.400e-002	3.277e-003	21.16	2.749e+000	40.72	6.125e+001	1.787e-002	5.812e-003	5.571e+007
22	3440.6	71.6	87.7	49.9	4.394e+009	5.034e+001	2.52	1.234e-002	4.707e+001	1.368e-002	4.660e+001	1.354e-002	1.905e-003	5.100e+001	1.482e-002	3.380e-003	26.4	2.537e+000	51.16	6.850e+001	1.991e-002	7.972e-003	7.570e+007
23	1523.6	45.1	49.8	38.9	4.611e+009	2.359e+001	2.7	1.388e-002	2.221e+001	1.457e-002	2.195e+001	1.441e-002	9.238e-004	2.335e+001	1.533e-002	1.597e-003	23.19	1.757e+000	44.89	3.360e+001	2.205e-002	3.272e-003	7.074e+007
24	1654.7	47.3	52.7	40	4.775e+009	2.687e+001	4.04	1.348e-002	2.496e+001	1.508e-002	2.550e+001	1.541e-002	9.177e-004	2.645e+001	1.598e-002	1.683e-003	19.71	1.123e+000	36.86	3.020e+001	1.825e-002	2.663e-003	5.369e+007
25	3675.7	71.9	85.8	54.6	3.824e+009	4.744e+001	3.25	1.340e-002	5.116e+001	1.392e-002	5.115e+001	1.392e-002	2.069e-003	5.340e+001	1.453e-002	3.588e-003	25.2	3.256e+000	48.38	7.380e+001	2.008e-002	7.974e-003	7.183e+007
26	1703.2	46.6	50.2	43.2	4.936e+009	2.858e+001	4.64	1.670e-002	2.968e+001	1.742e-002	2.950e+001	1.732e-002	1.076e-003	3.095e+001	1.817e-002	1.976e-003	21.65	1.588e+000	39.53	3.875e+001	2.275e-002	3.424e-003	6.705e+007
27	4213.1	79	97	55.3	4.289e+009	6.083e+001	2.97	1.332e-002	5.772e+001	1.370e-002	5.710e+001	1.355e-002	2.371e-003	6.025e+001	1.430e-002	4.108e-003	21.6	4.070e+000	41.41	8.055e+001	1.912e-002	7.515e-003	5.890e+007
28	3348.5	65.9	74.5	57.3	4.271e+009	4.801e+001	2.93	1.301e-002	4.579e+001	1.368e-002	4.510e+001	1.347e-002	1.867e-003	4.765e+001	1.423e-002	3.241e-003	27.8	3.109e+000	53.72	7.290e+001	2.177e-002	8.402e-003	8.265e+007
29	3248.8	65.1	75.7	54.6	3.727e+009	4.050e+001	3.12	1.320e-002	4.431e+001	1.364e-002	4.405e+001	1.356e-002	1.825e-003	4.730e+001	1.456e-002	3.176e-003	19.69	3.460e+000	37.28	6.225e+001	1.916e-002	5.172e-003	5.225e+007
30	2451.1	56	59	52.9	4.185e+009	3.434e+001	2.53	1.191e-002	3.177e+001	1.296e-002	3.210e+001	1.310e-002	1.327e-003	3.355e+001	1.369e-002	2.303e-003	18.03	1.019e+000	34.91	3.835e+001	1.565e-002	3.335e-003	4.469e+007
31	3895.5	73.2	86.4	57.3	4.253e+009	5.608e+001	2.72	1.241e-002	5.212e+001	1.338e-002	5.215e+001	1.339e-002	2.132e-003	5.460e+001	1.402e-002	3.684e-003	24.05	3.620e+000	47.06	7.705e+001	1.978e-002	7.937e-003	6.767e+007
32	3514.1	69.4	81.5	54.9	4.083e+009	4.799e+001	2.82	1.221e-002	4.412e+001	1.255e-002	4.420e+001	1.258e-002	1.836e-003	4.610e+001	1.312e-002	3.179e-003	19.3	2.121e+000	36.89	5.640e+001	1.605e-002	4.960e-003	4.632e+007
33	3994.8	73.8	86.2	59.1	4.007e+009	5.362e+001	2.83	1.228e-002	5.206e+001	1.303e-002	5.075e+001	1.270e-002	2.113e-003	5.350e+001	1.339e-002	3.664e-003	29.05	3.545e+000	56.26	8.615e+001	2.157e-002	1.024e-002	8.428e+007
34	3406.8	66.4	71.9	60.3	3.871e+009	4.472e+001	5.36	1.217e-002	4.405e+001	1.293e-002	4.330e+001	1.271e-002	1.461e-003	4.615e+001	1.355e-002	2.786e-003	26.91	2.243e+000	49.23	6.030e+001	1.770e-002	6.453e-003	6.302e+007
35	3999.2	73.4	85.4	59.7	4.127e+009	5.530e+001	2.99	1.310e-002	5.501e+001	1.376e-002	5.440e+001	1.360e-002	2.247e-003	5.750e+001	1.438e-002	3.912e-003	24.1	4.078e+000	46.15	8.250e+001	2.063e-002	8.300e-003	6.822e+007
36	5849.1	85.9	93.4	79.7	3.614e+009	7.092e+001	3.39	1.300e-002	8.000e+001	1.368e-002	7.655e+001	1.309e-002	3.149e-003	8.125e+001	1.389e-002	5.479e-003	32.29	4.451e+000	62.08	1.338e+002	2.288e-002	1.765e-002	9.931e+007
37	6463.3	90.4	94.6	87	3.888e+009	8.465e+001	3.27	1.323e-002	8.726e+001	1.350e-002	8.785e+001	1.359e-002	3.561e-003	9.200e+001	1.423e-002	6.234e-003	16.46	2.328e+000	30.7	9.970e+001	1.543e-002	7.800e-003	3.988e+007
38	3512.4	68.6	79.7	56.1	4.152e+009	4.882e+001	2.89	1.288e-002	4.704e+001	1.339e-002	4.645e+001	1.322e-002	1.949e-003	4.850e+001	1.381e-002	3.358e-003	25.68	3.313e+000	49.46	7.115e+001	2.026e-002	7.714e-003	7.212e+007
39	2814.7	61.6	72.1	49.7	3.756e+009	3.557e+001	3.14	1.302e-002	3.811e+001	1.354e-002	3.775e+001	1.341e-002	1.553e-003	3.950e+001	1.403e-002	2.704e-003	26.3	2.614e+000	50.76	5.805e+001	2.062e-002	6.421e-003	7.529e+007
40	4151.3	75.8	87.9	60.2	4.079e+009	5.734e+001	2.86	1.265e-002	5.572e+001	1.342e-002	5.570e+001	1.342e-002	2.278e-003	5.895e+001	1.420e-002	3.943e-003	21.93	4.340e+000	42.62	8.175e+001	1.969e-002	7.588e-003	6.072e+007
41	6422.1	94.2	113.2	72.3	3.668e+009	7.967e+001	3.19	1.285e-002	8.454e+001	1.316e-002	8.385e+001	1.306e-002	3.445e-003	8.735e+001	1.360e-002	5.933e-003	21.96	6.214e+000	42.07	1.190e+002	1.853e-002	1.111e-002	5.741e+007
42	4058.6	73.7	84.7	61	4.325e+009	5.880e+001	2.96	1.331e-002	5.556e+001	1.369e-002	5.445e+001	1.342e-002	2.280e-003	5.695e+001	1.403e-002	3.932e-003	27.31	3.724e+000	52.61	8.700e+001	2.144e-002	9.912e-003	8.025e+007
43	2888.9	60.9	65.5	56.2	4.224e+009	4.082e+001	2.82	1.286e-002	3.853e+001	1.334e-002	3.840e+001	1.329e-002	1.601e-003	4.075e+001	1.411e-002	2.769e-003	21.4	3.001e+000	41.12	5.590e+001	1.935e-002	5.092e-003	5.785e+007
44	4067	76.7	91.1	56.8	4.371e+009	5.866e+001	2.82	1.301e-002	5.620e+001	1.382e-002	5.640e+001	1.387e-002	2.304e-003	5.805e+001	1.427e-002	4.039e-003	27.68	3.795e+000	52.99	8.840e+001	2.174e-002	1.029e-002	8.190e+007
45	3637.5	67.6	71.9	64.4	4.276e+009	5.186e+001	2.62	1.226e-002	4.896e+001	1.346e-002	5.010e+001	1.377e-002	1.998e-003	5.160e+001	1.419e-002	3.527e-003	26.33	3.389e+000	51.16	7.650e+001	2.103e-002	8.509e-003	7.652e+007
46	3701.5	72.2	85.5	55.1	4.016e+009	5.002e+001	3.04	1.263e-002	4.797e+001	1.296e-002	4.665e+001	1.260e-002	1.971e-003	4.935e+001	1.333e-002	3.394e-003	28.1	3.241e+000	54.47	7.640e+001	2.064e-002	8.887e-003	7.926e+007
47	3842.5	70.8	76.9	63.6	4.024e+009	5.218e+001	2.85	1.219e-002	4.961e+001	1.291e-002	4.950e+001	1.288e-002	2.036e-003	5.225e+001	1.360e-002	3.540e-003	23.4	3.790e+000	45.61	7.520e+001	1.957e-002	7.399e-003	6.374e+007
48	3240.7	67.2	77.3	53.7	4.249e+009	4.582e+001	2.84	1.282e-002	4.226e+001	1.304e-002	4.470e+001	1.379e-002	1.793e-003				8.81	1.184e+000	15.48	4.470e+001	1.379e-002	1.846e-003	1.860e+007
49	3874.7	70.8	77.8	63.4	4.394e+009	5.650e+001	2.7	1.257e-002	5.148e+001	1.329e-002	5.075e+001	1.310e-002	2.143e-003	5.330e+001	1.376e-002	3.683e-003	27.65	3.181e+000	53.31	7.865e+001	2.030e-002	9.298e-003	7.814e+007
50	4291.2	75.3	84.3	64.8	4.865e+009	7.019e+001	1.98	1.002e-002	4.400e+001	1.025e-002							2.11	3.250e+001	2.34	4.725e+001	1.101e-002	1.831e-004	1.407e+006
51	2586	57.5	61.4	53.6	4.393e+009	3.749e+001	2.82	1.361e-002	3.570e+001	1.381e-002	3.490e+001	1.350e-002	1.500e-003	3.655e+001	1.413e-002	2.586e-003	26.93	2.373e+000	51.47	5.450e+001	2.107e-002	6.256e-003	7.831e+007
52	3134	65.7	79.6	50.1	4.413e+009	4.622e+001	2.98	1.382e-002	4.462e+001	1.424e-002	4.440e+001	1.417e-002	1.847e-003	4.600e+001	1.468e-002	3.187e-003	25.28	3.201e+000	48.62	6.730e+001	2.147e-002	7.178e-003	7.509e+007
53	4550.8	78.3	91.7	63.2	3.813e+009	5.870e+001	3.22	1.312e-002	6.316e+001	1.388e-002	6.205e+001	1.364e-002	2.495e-003	6.590e+001	1.448e-002	4.384e-003	28.58	4.208e+000	55.46	1.033e+002	2.270e-002	1.209e-002	8.815e+007
54	4155.5	75.2	91.6	57.8	4.008e+009	5.605e+001	3.04	1.283e-002	5.373e+001	1.293e-002	5.310e+001	1.278e-002	2.226e-003	5.535e+001	1.332e-002	3.832e-003	23.28	3.616e+000	44.83	7.590e+001	1.826e-002	7.642e-003	6.071e+007
55	4574.8	77.9	87.4	66.6	3.858e+009	5.870e+001	3.03	1.283e-002	6.072e+001	1.327e-002	5.955e+001	1.302e-002	2.492e-003	6.300e+001	1.377e-002	4.308e-003	30.02	3.528e+000	57.78	9.365e+001	2.047e-002	1.194e-002	8.513e+007
56	3619.6	70.5	82.1	56.1	4.290e+009	5.173e+001	2.91	1.296e-002	4.853e+001	1.341e-002	4.810e+001	1.329e-002	2.012e-003	5.055e+001	1.397e-002	3.475e-003	25.85	3.226e+000	49.48	7.265e+001	2.007e-002	7.971e-003	7.197e+007
57	4345.9	76.4	85.9	64.5	3.790e+009	5.475e+001	3.03	1.274e-002	5.917e+001	1.362e-002	5.930e+001	1.365e-002	2.436e-003	6.270e+001	1.443e-002	4.234e-003	24.46	5.091e+000	46.54	9.395e+001	2.162e-002	9.316e-003	6.992e+007
58	4104.8	74.8	87.2	59.9	4.365e+009	6.036e+001	2.68	1.291e-002	5.566e+001	1.356e-002	5.715e+001	1.392e-002	2.282e-003	5.745e+001	1.400e-002	3.982e-003	23.2	3.092e+000	45.37	7.535e+001	1.836e-002	7.900e-003	6.360e+007
59	4729.7	79.7	89	67.7	4.232e+009	6.644e+001	3.13	1.346e-002	6.658e+001	1.408e-002	6.560e+001	1.387e-002	2.735e-003	7.005e+001	1.481e-002	4.732e-003	26.7	4.838e+000	50.83	1.061e+002	2.242e-002	1.161e-002	7.991e+007
60	2017.5	55.8	68.4	37.6	4.557e+009	3.115e+001	2.93	1.425e-002	2.990e+001	1.482e-002							4.16	-2.78E+00	5.59	2.920e+001	1.447e-002	3.883e-004	6.399e+006
61	3920	74	89.2	56	4.404e+009	5.779e+001	2.92	1.386e-002	5.543e+001	1.414e-002	5.475e+001	1.397e-002	2.312e-003	5.665e+001	1.445e-002	3.967e-003	26.31	3.730e+000	50.64	8.305e+001	2.119e-002	9.294e-003	7.787e+007
62	2419	56.7	63.2	48.8	4.399e+009	3.565e+001	2.73	1.339e-002	3.327e+001	1.376e-002	3.315e+001	1.370e-002	1.380e-003	3.465e+001	1.432e-002	2.390e-003	22.16	1.983e+000	42.87	4.515e+001	1.866e-002	4.485e-003	6.095e+007
63	4352	75	81.1	68.3	4.036e+009	5.890e+001	3.19	1.341e-002	6.140e+001	1.411e-002	6.090e+001	1.399e-002	2.478e-003	6.355e+001	1.460e-002	4.329e-003	27.8	4.111e+000	53.36	9.650e+001	2.217e-002	1.109e-002	8.386e+007
64	4414.9	75.3	82.7	68.1	4.362e+009	6.475e+001	2.84	1.280e-002	6.006e+001	1.360e-002	5.970e+001	1.352e-002	2.451e-003	6.380e+001	1.445e-002	4.271e-003	24.9	4.552e+000	48.35	9.475e+001	2.146e-002	9.807e-003	7.326e+007
65	2529.7	58	65.4	49.3	2.687e+010	2.311e+002	0.1	5.119e-003	3.529e+001	1.395e-002	4.560e+001	1.803e-002	1.763e-003	4.590e+001	1.814e-002	3.089e-003	18.47	1.881e+000	44.15	5.830e+001	2.305e-002	5.974e-003	7.874e+007
66	5674.9	87.1	104.8	69	3.842e+009	7.410e+001	3.23	1.269e-002	7.429e+001	1.309e-002	7.295e+001	1.285e-002	2.959e-003	7.815e+001	1.377e-002	5.149e-003	26.64	4.674e+000	51.75	1.093e+002	1.926e-002	1.247e-002	7.328e+007
67																							
68	5267.8	90	111.6	60.1	4.234e+009	7.583e+001	3.64	1.623e-002	8.625e+001	1.637e-002	8.525e+001	1.618e-002	3.408e-003	8.690e+001	1.650e-002	5.959e-003	22.98	3.964e+000	44	1.088e+002	2.065e-002	1.128e-002	7.145e+007
69	5476.1	89.1	104.1	66.9	4.353e+009	8.104e+001	3.77	1.370e-002	7.935e+001	1.449e-002	7.990e+001	1.459e-002	3.019e-003	8.195e+001	1.496e-002	5.408e-003	23.95	5.281e+000	45.56	1.120e+002	2.045e-002	1.118e-002	6.811e+007
70	2899	63	73.8	50	4.500e+009	4.284e+001	2.77	1.328e-002			3.965e+001	1.368e-002	1.684e-003	4.140e+001	1.428e-002	2.908e-003							
71	4726.6	78.7	92.4	65.1	0.000e+000	0.000e+000	0	3.702e-004	4.717e+001	9.979e-003	6.475e+001	1.370e-002	2.416e-003	7.080e+001	1.498e-002	4.421e-003	17.55	2.235e+000	43.03	8.500e+001	1.798e-002	8.404e-003	5.930e+007
72	3610.8	68.3	72.4	63.5	3.825e+009	4.646e+001	2.67	1.124e-002	4.400e+001	1.219e-002	4.540e+001	1.257e-002	1.800e-003	4.895e+001	1.356e-002	3.188e-003	21.52	2.189e+000	41.72	6.055e+001	1.677e-002	5.840e-003	5.338e+007
73	4390.2	77.3	91.4	61.2	4.282e+009	6.167e+001	2.83	1.286e-002	5.955e+001	1.356e-002	5.815e+001	1.325e-002	2.469e-003	6.105e+001	1.391e-002	4.271e-003	30.32	3.622e+000	58.09	9.825e+001	2.238e-002	1.243e-002	9.110e+007
74	5605.3	87.6	103	69.3	3.854e+009	7.247e+001	3.03	1.204e-002	6.926e+001	1.236e-002	6.890e+001	1.229e-002	2.829e-003	7.180e+001	1.281e-002	4.912e-003	25.41	4.294e+000	48.85	1.002e+002	1.788e-002	1.096e-002	6.436e+007
75	3393.1	71.6	88.8	48.6	4.399e+009	4.920e+001	3.01	1.416e-002	5.100e+001	1.503e-002	4.995e+001	1.472e-002	2.095e-003	5.410e+001	1.594e-002	3.657e-003	27.36	3.789e+000	52.07	8.500e+001	2.505e-002	9.431e-003	8.989e+007
76	4092	72.9	79.3	65.7	3.877e+009	5.275e+001	2.9	1.300e-002	5.319e+001	1.300e-002	5.265e+001	1.287e-002	2.251e-003	5.485e+001	1.340e-002	3.839e-003	20.88	2.925e+000	39.54	6.880e+001	1.681e-002	6.490e-003	5.175e+007
77	2697.9	58.9	64.1	53.6	4.331e+009	3.882e+001	2.93	1.355e-002	3.707e+001	1.374e-002	3.655e+001	1.355e-002	1.542e-003	3.825e+001	1.418e-002	2.670e-003	26.08	2.296e+000	49.84	5.400e+001	2.002e-002	6.068e-003	7.331e+007
78	3902.3	72.3	81.4	61	4.158e+009	5.500e+001	2.99	1.302e-002	5.219e+001	1.337e-002	5.265e+001	1.349e-002	2.132e-003	5.565e+001	1.426e-002	3.735e-003	15.83	1.147e+000	30.4	5.835e+001	1.495e-002	4.614e-003	3.932e+007
79	3621.9	70.1	80.4	57.3	4.386e+009	5.330e+001	3	1.237e-002	4.815e+001	1.329e-002	5.055e+001	1.396e-002	1.886e-003	5.040e+001	1.392e-002	3.382e-003	25.97	2.811e+000	50.16	6.935e+001	1.915e-002	7.811e-003	7.099e+007
80	3133.7	63.1	66	60.4	3.803e+009	3.964e+001	2.9	1.273e-002	4.272e+001	1.363e-002	4.205e+001	1.342e-002	1.743e-003	4.440e+001	1.417e-002	3.019e-003	30.41	2.610e+000	58.76	7.095e+001	2.264e-002	8.980e-003	9.350e+007
81	4132.8	73.5	85.5	61.5	3.833e+009	5.268e+001	3.16	1.322e-002	5.491e+001	1.329e-002	5.410e+001	1.309e-002	2.293e-003	5.635e+001	1.363e-002	3.926e-003	24.86	3.668e+000	47.34	7.930e+001	1.919e-002	8.459e-003	6.678e+007
82	2579	59.4	70.4	46.6	4.266e+009	3.692e+001	3.03	1.371e-002	3.566e+001	1.383e-002	3.540e+001	1.373e-002	1.476e-003	3.655e+001	1.417e-002	2.544e-003	20.64	1.586e+000	39.47	4.520e+001	1.753e-002	4.258e-003	5.435e+007
83	4116.2	72.7	76.5	68.5	3.595e+009	4.912e+001	3.13	1.305e-002	5.579e+001	1.355e-002	5.550e+001	1.348e-002	2.296e-003	5.830e+001	1.416e-002	3.979e-003	26.34	4.152e+000	50.08	8.825e+001	2.144e-002	9.547e-003	7.552e+007
84	2890.1	63.2	74.1	49.7	4.196e+009	4.005e+001	2.75	1.287e-002	3.749e+001	1.297e-002	3.665e+001	1.268e-002	1.588e-003	3.770e+001	1.304e-002	2.713e-003	31.21	1.975e+000	60.3	5.790e+001	2.003e-002	7.819e-003	8.767e+007
85	4020.1	72.1	77.2	66.3	3.669e+009	4.913e+001	3.07	1.320e-002	5.491e+001	1.366e-002	5.410e+001	1.346e-002	2.262e-003	5.755e+001	1.432e-002	3.903e-003	27.55	3.985e+000	52.91	9.030e+001	2.246e-002	1.015e-002	8.249e+007
86	5964.6	87.6	99.7	76.1	3.783e+009	7.610e+001	3.04	1.187e-002	7.571e+001	1.269e-002	7.565e+001	1.268e-002	3.036e-003	8.005e+001	1.342e-002	5.349e-003	24.52	5.709e+000	47.32	1.169e+002	1.959e-002	1.179e-002	6.540e+007
87	2648.2	59.3	65.1	51.8	4.050e+009	3.603e+001	3	1.342e-002	3.498e+001	1.321e-002	3.415e+001	1.290e-002	1.461e-003	3.520e+001	1.329e-002	2.495e-003	28.05	1.938e+000	54.42	5.050e+001	1.907e-002	6.222e-003	7.745e+007
88	3738.2	73.7	90.6	52.6	4.462e+009	5.556e+001	2.65	1.267e-002	5.055e+001	1.352e-002	5.025e+001	1.344e-002	2.064e-003	5.285e+001	1.414e-002	3.617e-003	27.16	3.317e+000	52.71	7.875e+001	2.107e-002	9.052e-003	7.913e+007
89	2682	60.1	66.9	51	4.538e+009	4.054e+001	2.78	1.324e-002	3.636e+001	1.356e-002							6.44	-7.09E-01	10.78	3.430e+001	1.279e-002	1.034e-003	1.259e+007
90	2244.8	58.6	72	39.7	4.767e+009	3.555e+001	2.8	1.499e-002	3.530e+001	1.573e-002	3.520e+001	1.568e-002	1.473e-003	3.880e+001	1.728e-002	2.577e-003	21.9	2.654e+000	41.85	5.240e+001	2.334e-002	4.850e-003	7.042e+007
91	3115.4	67.4	82.1	48.4	4.636e+009	4.849e+001	2.8	1.358e-002	4.441e+001	1.425e-002	4.355e+001	1.398e-002	1.821e-003	4.635e+001	1.488e-002	3.159e-003	26.45	3.196e+000	51.42	7.010e+001	2.250e-002	7.734e-003	8.177e+007
92	3423.7	67.5	77.6	56.2	4.409e+009	5.058e+001	2.73	1.310e-002	4.687e+001	1.369e-002	4.600e+001	1.344e-002	1.942e-003	4.830e+001	1.411e-002	3.345e-003	25.25	3.350e+000	49.01	7.095e+001	2.072e-002	7.635e-003	7.331e+007
93	5133	82.8	97.5	67	4.091e+009	7.029e+001	2.89	1.228e-002	6.576e+001	1.281e-002	6.510e+001	1.268e-002	2.709e-003	6.855e+001	1.335e-002	4.691e-003	26.08	4.558e+000	50.41	1.008e+002	1.963e-002	1.109e-002	7.095e+007
94	5893.4	87.9	99.8	75.3	3.557e+009	7.084e+001	3.51	1.339e-002	8.192e+001	1.390e-002	8.140e+001	1.381e-002	3.296e-003	8.680e+001	1.473e-002	5.778e-003	23.21	6.652e+000	44.13	1.235e+002	2.096e-002	1.170e-002	6.584e+007
95	3532.2	70.3	82.8	54.4	4.398e+009	5.282e+001	4.5	1.400e-002	5.261e+001	1.489e-002	5.175e+001	1.465e-002	1.865e-003	5.420e+001	1.534e-002	3.441e-003	30.19	3.479e+000	57.04	8.430e+001	2.387e-002	9.941e-003	9.388e+007
96	3233.6	65.6	73.6	55.9	4.001e+009	4.346e+001	3.13	1.356e-002	4.492e+001	1.389e-002	4.435e+001	1.372e-002	1.826e-003	4.735e+001	1.464e-002	3.168e-003	25.94	2.704e+000	49.8	6.560e+001	2.029e-002	7.299e-003	7.440e+007
97	4275	76	90.3	60	4.795e+009	6.810e+001	2.25	1.166e-002	5.941e+001	1.390e-002	6.175e+001	1.444e-002	2.446e-003	6.405e+001	1.498e-002	4.337e-003	22.46	3.082e+000	43.58	8.165e+001	1.910e-002	8.265e-003	6.301e+007
98	4926	79.7	85.9	73.1	3.956e+009	6.568e+001	2.88	1.173e-002	6.170e+001	1.252e-002	6.180e+001	1.255e-002	2.481e-003	6.470e+001	1.313e-002	4.363e-003	25.07	3.955e+000	48.78	9.080e+001	1.843e-002	9.809e-003	6.585e+007
99	4870.6	82.6	98	63.3	3.864e+009	6.352e+001	3.25	1.309e-002	6.599e+001	1.355e-002	6.545e+001	1.344e-002	2.680e-003	6.750e+001	1.386e-002	4.613e-003	26.72	4.667e+000	51.46	1.019e+002	2.092e-002	1.127e-002	7.660e+007
100	3514.5	67.4	75.1	59.5	3.821e+009	4.448e+001	2.92	1.297e-002	4.673e+001	1.330e-002	4.645e+001	1.322e-002	1.927e-003	4.895e+001	1.393e-002	3.399e-003	23.27	2.242e+000	44.3	6.255e+001	1.780e-002	6.552e-003	6.059e+007