RECORD	CROSS-SECTIONAL AREA	MEAN DIAMETER	MAX DIAMETER	MIN DIAMETER	ELASTIC EMOD	ELASTIC GRADIENT	ELASTIC EXT	ELASTIC STRESS	PLATEAU LOAD	PLATEAU STRESS	LOAD 15%	STRESS 15%	WORK 15%	LOAD 25%	STRESS 25%	WORK 25%	YIELD EXT	POSTYIELD GRADIENT	BREAK EXT	BREAK LOAD	BREAK STRESS	TOTAL WORK	TOUGHNESS
1	4174.7	78.5	95.1	55.9	4.23E+09	5.96E+01	3.15	1.49E-02	6.54E+01	1.57E-02	6.50E+01	1.56E-02	2.65E-03	6.93E+01	1.66E-02	4.65E-03	22.28	3.36E+00	42.77	8.73E+01	2.09E-02	8.67E-03	6.89E+07
2	5508.4	86.9	102.9	68.2	4.05E+09	7.41E+01	3.33	1.39E-02	8.02E+01	1.46E-02	7.98E+01	1.45E-02	3.28E-03	8.20E+01	1.49E-02	5.68E-03	28.09	4.35E+00	53.41	1.13E+02	2.05E-02	1.39E-02	8.21E+07
3	5029.6	83.7	98.4	65.1	4.06E+09	6.94E+01	4.14	1.38E-02	7.66E+01	1.52E-02	7.69E+01	1.53E-02	2.80E-03	8.02E+01	1.59E-02	5.14E-03	26.12	5.28E+00	49.47	1.14E+02	2.27E-02	1.20E-02	7.98E+07
4	4505.9	76.8	87.4	65.7	3.79E+09	5.77E+01	3.57	1.42E-02	6.68E+01	1.48E-02							5.59	2.03E-01	8.18	6.71E+01	1.49E-02	1.31E-03	9.65E+06
5	3441.1	67.3	77	56.9	4.14E+09	4.78E+01	3.42	1.48E-02	5.20E+01	1.51E-02	5.12E+01	1.49E-02	2.12E-03	5.25E+01	1.52E-02	3.66E-03	26.17	3.00E+00	49.97	7.30E+01	2.12E-02	8.31E-03	7.95E+07
6	3898.5	73.1	85	58.4	4.00E+09	5.23E+01	3.56	1.44E-02	5.88E+01	1.51E-02	5.90E+01	1.51E-02	2.39E-03	6.19E+01	1.59E-02	4.15E-03	20.4	3.35E+00	38.27	7.76E+01	1.99E-02	6.87E-03	5.81E+07
7	5084.8	82.8	101	64.1	4.34E+09	7.42E+01	3.1	1.40E-02	7.65E+01	1.50E-02	7.65E+01	1.50E-02	3.10E-03	8.15E+01	1.60E-02	5.44E-03	21.2	5.19E+00	40.65	1.07E+02	2.11E-02	9.78E-03	6.35E+07
8																							
9	3008.3	63.6	74.2	51.6	4.06E+09	4.12E+01	3.24	1.48E-02	4.66E+01	1.55E-02	4.67E+01	1.55E-02	1.91E-03	4.83E+01	1.61E-02	3.29E-03	19.81	2.17E+00	37.73	5.86E+01	1.95E-02	5.27E-03	5.80E+07
10	6883	98.1	121.3	72.2	3.85E+09	8.95E+01	3.44	1.37E-02	9.74E+01	1.42E-02	9.63E+01	1.40E-02	3.95E-03	1.01E+02	1.47E-02	6.86E-03	23.4	6.61E+00	44.46	1.38E+02	2.00E-02	1.37E-02	6.58E+07
11	5073.2	83.2	101.7	63.5	4.10E+09	6.99E+01	3.33	1.39E-02	7.31E+01	1.44E-02	7.27E+01	1.43E-02	2.92E-03	7.59E+01	1.50E-02	5.13E-03	26.42	3.95E+00	50.66	1.04E+02	2.04E-02	1.19E-02	7.71E+07
12	3697	70.7	82.1	57.3	4.71E+09	5.89E+01	2.86	1.37E-02	5.51E+01	1.49E-02	5.50E+01	1.49E-02	2.24E-03	5.86E+01	1.59E-02	3.89E-03	23.09	3.64E+00	45.18	7.95E+01	2.15E-02	7.96E-03	7.15E+07
13	4632	79.1	93.5	63	4.24E+09	6.55E+01	3.11	1.34E-02	6.46E+01	1.40E-02	6.37E+01	1.38E-02	2.65E-03	6.66E+01	1.44E-02	4.58E-03	28.15	3.76E+00	54.11	9.57E+01	2.07E-02	1.16E-02	8.19E+07
14	4435.1	76.4	89.6	63	4.36E+09	6.55E+01	3.06	1.36E-02	6.58E+01	1.48E-02	6.54E+01	1.48E-02	2.61E-03	6.79E+01	1.53E-02	4.58E-03	28.58	4.48E+00	55.93	1.08E+02	2.44E-02	1.27E-02	9.55E+07
15	2683.6	60.9	70.7	48.3	4.15E+09	3.74E+01	3.16	1.46E-02	4.18E+01	1.56E-02	4.19E+01	1.56E-02	1.69E-03	4.43E+01	1.65E-02	2.97E-03	22.35	3.11E+00	42.52	6.07E+01	2.26E-02	5.68E-03	6.97E+07
16	4687.3	77.4	85.6	69.8	3.77E+09	5.99E+01	3.36	1.33E-02	6.62E+01	1.41E-02	6.54E+01	1.40E-02	2.61E-03	7.01E+01	1.49E-02	4.62E-03	26.75	4.39E+00	51.56	1.01E+02	2.15E-02	1.12E-02	7.97E+07
17	5140.2	84.1	100.2	65.3	4.16E+09	7.19E+01	3.23	1.43E-02	7.65E+01	1.49E-02	7.55E+01	1.47E-02	3.08E-03	7.83E+01	1.52E-02	5.36E-03	29.68	4.29E+00	57.22	1.17E+02	2.28E-02	1.47E-02	9.46E+07
18																							
19	5784.8	89.4	108.6	67.9	3.78E+09	7.39E+01	3.12	1.29E-02	7.78E+01	1.34E-02							7.9	1.14E+00	14.27	8.12E+01	1.40E-02	3.03E-03	1.74E+07
20	2570.1	60.7	74.3	44	5.11E+09	4.45E+01	2.86	1.51E-02	3.96E+01	1.54E-02	3.93E+01	1.53E-02	1.63E-03	4.14E+01	1.61E-02	2.81E-03	21.48	1.91E+00	42.04	5.11E+01	1.99E-02	5.08E-03	6.58E+07
21	3614.9	69.2	79	58.2	3.71E+09	4.49E+01	3.41	1.32E-02	4.94E+01	1.37E-02	4.89E+01	1.35E-02	2.00E-03	5.05E+01	1.40E-02	3.47E-03	29.31	2.56E+00	55.9	7.19E+01	1.99E-02	9.09E-03	8.24E+07
22	3313	65.1	69.8	60.4	4.10E+09	4.56E+01	3.13	1.35E-02	4.69E+01	1.42E-02	4.64E+01	1.40E-02	1.90E-03	4.86E+01	1.47E-02	3.31E-03	26.56	3.27E+00	50.95	7.25E+01	2.19E-02	7.98E-03	7.93E+07
23	5287.9	82.3	88.8	75.8	4.28E+09	7.67E+01	3.19	1.37E-02	7.55E+01	1.43E-02	7.53E+01	1.42E-02	3.06E-03	7.99E+01	1.51E-02	5.36E-03	21.12	5.29E+00	40.48	1.06E+02	2.01E-02	9.52E-03	5.98E+07
24	3589.4	68.9	80.4	56.9	4.06E+09	4.89E+01	2.93	1.31E-02	4.92E+01	1.37E-02	4.89E+01	1.36E-02	2.01E-03	5.15E+01	1.43E-02	3.50E-03	25.66	3.65E+00	49.51	7.63E+01	2.12E-02	8.15E-03	7.48E+07
25	4169	74.3	85.2	62.3	3.80E+09	5.32E+01	3.36	1.33E-02	5.89E+01	1.41E-02	5.77E+01	1.38E-02	2.36E-03	6.16E+01	1.48E-02	4.13E-03	27.08	4.67E+00	51.65	9.78E+01	2.35E-02	1.05E-02	8.28E+07
26	5328.9	86.8	103	65.9	4.02E+09	7.22E+01	3.37	1.41E-02	7.73E+01	1.45E-02	7.66E+01	1.44E-02	3.11E-03	8.06E+01	1.51E-02	5.46E-03	23.75	5.38E+00	45.15	1.11E+02	2.09E-02	1.11E-02	6.89E+07
27																							
28	3590	69.4	77	59.4	4.04E+09	4.84E+01	3.17	1.34E-02	4.98E+01	1.39E-02	4.97E+01	1.38E-02	2.02E-03	5.20E+01	1.45E-02	3.56E-03	26.53	2.98E+00	50.57	7.12E+01	1.98E-02	8.15E-03	7.43E+07
29	4188.6	75	84.1	63.4	4.28E+09	6.03E+01	3.1	1.41E-02	6.09E+01	1.45E-02	6.00E+01	1.43E-02	2.48E-03	6.33E+01	1.51E-02	4.31E-03	26.81	4.03E+00	51.65	9.33E+01	2.23E-02	1.05E-02	8.28E+07
30	3060	63.3	68.7	56.8	4.07E+09	4.17E+01	2.89	1.36E-02	4.33E+01	1.41E-02	4.26E+01	1.39E-02	1.80E-03	4.55E+01	1.49E-02	3.10E-03	22.99	3.18E+00	44.07	6.33E+01	2.07E-02	6.17E-03	6.62E+07
31	2312.9	55	62.9	46.8	4.54E+09	3.50E+01	2.71	1.36E-02	3.32E+01	1.44E-02	3.30E+01	1.43E-02	1.38E-03	3.48E+01	1.51E-02	2.40E-03	25.77	2.57E+00	49.77	5.32E+01	2.30E-02	5.66E-03	8.00E+07
32	4598.5	77.7	88.3	66.3	4.11E+09	6.39E+01	2.96	1.24E-02	6.01E+01	1.31E-02	5.94E+01	1.29E-02	2.44E-03	6.48E+01	1.41E-02	4.27E-03	23.05	4.00E+00	44.74	8.76E+01	1.91E-02	8.62E-03	6.22E+07
33	2292.2	54.2	58.8	49.6	3.75E+09	2.89E+01	2.9	1.26E-02	3.21E+01	1.40E-02	3.22E+01	1.40E-02	1.28E-03	3.45E+01	1.50E-02	2.28E-03	26.5	2.32E+00	51.35	5.05E+01	2.20E-02	5.54E-03	7.97E+07
34	2967.4	63.5	70.9	53.5	4.11E+09	4.04E+01	3.19	1.41E-02	4.26E+01	1.44E-02	4.22E+01	1.42E-02	1.74E-03	4.37E+01	1.47E-02	3.04E-03	28.85	2.54E+00	55.06	6.50E+01	2.19E-02	7.94E-03	8.70E+07
35	5965.7	88.5	101.1	75.2	3.93E+09	7.87E+01	3.06	1.29E-02	7.83E+01	1.31E-02	7.80E+01	1.31E-02	3.23E-03	8.05E+01	1.35E-02	5.59E-03	21.28	4.43E+00	40.64	1.03E+02	1.72E-02	9.79E-03	5.40E+07
36	3246.1	65.2	71.2	58.1	4.28E+09	4.66E+01	2.77	1.30E-02	4.46E+01	1.38E-02	4.56E+01	1.41E-02	1.83E-03	4.92E+01	1.52E-02	3.22E-03	20.76	2.34E+00	40.21	6.16E+01	1.90E-02	5.68E-03	5.77E+07
37	3578	68.4	78.9	57.7	4.04E+09	4.78E+01	3.18	1.37E-02	5.25E+01	1.47E-02	5.21E+01	1.46E-02	2.12E-03	5.56E+01	1.55E-02	3.74E-03	26.24	3.67E+00	49.89	8.11E+01	2.27E-02	8.82E-03	8.00E+07
38	2891.1	63.7	76	48.4	5.03E+09	4.77E+01	1.51	8.77E-03	2.61E+01	9.04E-03							1.64	3.16E+01	1.93	2.98E+01	1.03E-02	1.02E-04	1.13E+06
39	4967.4	82.7	98.5	64.3	4.08E+09	6.79E+01	3.05	1.32E-02	6.91E+01	1.39E-02	6.83E+01	1.38E-02	2.82E-03	7.26E+01	1.46E-02	4.92E-03	25.68	5.25E+00	49.46	1.10E+02	2.21E-02	1.16E-02	7.68E+07
40	3700.1	70	80.3	58.7	4.07E+09	5.06E+01	2.7	1.23E-02	4.96E+01	1.34E-02	5.04E+01	1.36E-02	2.04E-03	5.31E+01	1.43E-02	3.60E-03	18.14	4.26E-01	35.09	5.65E+01	1.53E-02	5.20E-03	4.63E+07
41	5749.8	86.7	96.8	75.7	4.33E+09	8.34E+01	3.02	1.35E-02	8.01E+01	1.39E-02	8.00E+01	1.39E-02	3.30E-03	8.30E+01	1.44E-02	5.73E-03	22.63	5.44E+00	43.32	1.12E+02	1.95E-02	1.10E-02	6.28E+07
42	3756.6	72.1	84.2	56.8	4.29E+09	5.32E+01	2.94	1.32E-02	5.11E+01	1.36E-02	5.17E+01	1.38E-02	2.15E-03	5.32E+01	1.42E-02	3.71E-03	20.1	2.49E+00	37.67	6.56E+01	1.75E-02	5.94E-03	5.12E+07
43	3660.7	71.8	84.5	55.1	4.40E+09	5.32E+01	3.02	1.38E-02	5.26E+01	1.44E-02	5.19E+01	1.42E-02	2.16E-03	5.62E+01	1.53E-02	3.80E-03	24.55	3.70E+00	46.68	7.86E+01	2.15E-02	8.14E-03	7.21E+07
44	6132	91.4	107.2	73.1	4.11E+09	8.34E+01	3.02	1.32E-02	8.45E+01	1.38E-02	8.40E+01	1.37E-02	3.48E-03	8.77E+01	1.43E-02	6.09E-03	25.11	5.69E+00	47.81	1.24E+02	2.02E-02	1.33E-02	7.04E+07
45	4230	76.3	90.5	59.7	4.33E+09	6.16E+01	2.87	1.28E-02	5.64E+01	1.33E-02	5.66E+01	1.34E-02	2.33E-03	5.87E+01	1.39E-02	4.04E-03	20.32	3.36E+00	38.96	7.45E+01	1.76E-02	6.75E-03	5.26E+07
46	3375.3	76.3	96.5	44.7	4.99E+09	5.58E+01	2.63	1.41E-02	5.11E+01	1.51E-02	5.29E+01	1.57E-02	2.13E-03	5.30E+01	1.57E-02	3.72E-03	21.74	2.75E+00	41.44	6.75E+01	2.00E-02	6.62E-03	6.38E+07
47	4667.7	82.1	98.7	60.2	4.42E+09	6.81E+01	2.98	1.39E-02	6.57E+01	1.41E-02	6.44E+01	1.38E-02	2.75E-03	6.65E+01	1.42E-02	4.74E-03	27.48	4.16E+00	52.41	9.98E+01	2.14E-02	1.17E-02	8.11E+07
48	5045.3	83.3	96.5	66.6	4.13E+09	6.95E+01	3.11	1.30E-02	6.78E+01	1.34E-02	6.82E+01	1.35E-02	2.81E-03	7.03E+01	1.39E-02	4.85E-03	22.62	4.77E+00	43.04	9.63E+01	1.91E-02	9.31E-03	6.04E+07
49	3864.6	72.4	82.7	59.5	4.28E+09	5.53E+01	2.95	1.32E-02	5.20E+01	1.35E-02	5.19E+01	1.34E-02	2.14E-03	5.46E+01	1.41E-02	3.72E-03	22.35	2.66E+00	42.63	6.95E+01	1.80E-02	6.93E-03	5.88E+07
50	4610.2	77.5	85.6	68.6	3.73E+09	5.79E+01	3.3	1.32E-02	6.13E+01	1.33E-02	6.05E+01	1.31E-02	2.51E-03	6.30E+01	1.37E-02	4.31E-03	25.38	4.15E+00	48.68	8.98E+01	1.95E-02	9.66E-03	6.92E+07
51	3452.4	67.5	75.3	58.4	3.84E+09	4.44E+01	3.38	1.35E-02	4.85E+01	1.41E-02	4.79E+01	1.39E-02	1.94E-03	5.04E+01	1.46E-02	3.40E-03	28.09	3.33E+00	53.56	7.66E+01	2.22E-02	8.84E-03	8.40E+07
52	3943.7	71.2	74.1	67.7	4.17E+09	5.48E+01	3.07	1.36E-02	5.54E+01	1.41E-02	5.50E+01	1.39E-02	2.26E-03	5.79E+01	1.47E-02	3.96E-03	25.46	4.15E+00	48.53	8.61E+01	2.18E-02	9.04E-03	7.49E+07
53	2848.8	60.9	70	51.8	4.62E+09	4.44E+01	2.65	1.30E-02	3.86E+01	1.35E-02	3.91E+01	1.37E-02	1.60E-03	4.11E+01	1.44E-02	2.78E-03	18.29	1.34E+00	35.65	4.86E+01	1.70E-02	4.15E-03	4.82E+07
54	4894.9	83.8	101.5	61.3	4.23E+09	7.02E+01	2.69	1.18E-02	5.99E+01	1.22E-02	6.12E+01	1.25E-02	2.45E-03	6.68E+01	1.36E-02	4.34E-03	13.46	1.65E+00	26.1	6.67E+01	1.36E-02	4.54E-03	3.08E+07
55	4691.7	79.7	90.8	65.8	4.37E+09	6.92E+01	2.95	1.38E-02	6.87E+01	1.46E-02	6.91E+01	1.47E-02	2.79E-03	7.32E+01	1.56E-02	4.90E-03	21.44	5.40E+00	41.53	1.01E+02	2.14E-02	9.11E-03	6.42E+07
56	2557	57.9	62.5	52.2	4.37E+09	3.75E+01	3.19	1.39E-02	3.65E+01	1.43E-02	3.58E+01	1.40E-02	1.47E-03	3.74E+01	1.46E-02	2.56E-03	28.56	2.20E+00	55.07	5.46E+01	2.14E-02	6.64E-03	8.55E+07
57	4610.4	77.9	86.4	68.1	4.46E+09	6.97E+01	2.92	1.32E-02	6.36E+01	1.38E-02	6.28E+01	1.36E-02	2.60E-03	6.54E+01	1.42E-02	4.45E-03	27.78	4.34E+00	54.34	1.03E+02	2.23E-02	1.18E-02	8.51E+07
58	5762	85.8	91.3	80.4	3.69E+09	7.08E+01	3.49	1.33E-02	7.84E+01	1.36E-02	7.78E+01	1.35E-02	3.23E-03	8.20E+01	1.42E-02	5.58E-03	22.38	5.88E+00	41.79	1.12E+02	1.95E-02	1.05E-02	5.92E+07
59	4277	74.6	83.8	65	4.46E+09	6.49E+01	4.27	1.40E-02	6.43E+01	1.50E-02	6.50E+01	1.52E-02	2.33E-03	6.68E+01	1.56E-02	4.28E-03	26.32	3.62E+00	49.47	8.95E+01	2.09E-02	9.77E-03	7.62E+07
60	4791.8	80.4	96.4	63.3	4.37E+09	7.12E+01	3.17	1.33E-02	7.04E+01	1.47E-02	7.06E+01	1.47E-02	2.76E-03	7.33E+01	1.53E-02	4.88E-03	20.28	4.46E+00	39.13	9.46E+01	1.97E-02	8.31E-03	5.78E+07
61	4788.7	79.8	87.5	69.6	4.47E+09	7.22E+01	2.78	1.32E-02	6.84E+01	1.43E-02	7.03E+01	1.47E-02	2.76E-03	7.19E+01	1.50E-02	4.86E-03	24.08	4.97E+00	47.11	1.03E+02	2.15E-02	1.05E-02	7.26E+07
62	3774.1	72.3	86.7	55.4	3.95E+09	5.02E+01	3.17	1.31E-02	4.90E+01	1.30E-02	4.85E+01	1.29E-02	2.01E-03	5.04E+01	1.33E-02	3.48E-03	22.8	2.07E+00	43.62	6.23E+01	1.65E-02	6.51E-03	5.70E+07
63	2912.8	61.9	65	57	4.48E+09	4.34E+01	2.84	1.35E-02	4.10E+01	1.41E-02	4.00E+01	1.37E-02	1.68E-03	4.24E+01	1.46E-02	2.92E-03	30.1	2.52E+00	58.31	6.78E+01	2.33E-02	8.47E-03	9.49E+07
64	2801.9	60.5	68.5	52.2	4.26E+09	3.98E+01	3.07	1.37E-02	4.05E+01	1.45E-02	4.08E+01	1.45E-02	1.64E-03	4.26E+01	1.52E-02	2.90E-03	22.97	2.85E+00	43.56	5.81E+01	2.07E-02	5.66E-03	6.60E+07
65	3380.5	66.7	76.3	56.5	4.59E+09	5.24E+01	2.58	1.31E-02	4.88E+01	1.44E-02	4.86E+01	1.44E-02	1.98E-03	5.06E+01	1.50E-02	3.46E-03	24.25	3.42E+00	47.86	7.21E+01	2.13E-02	7.57E-03	7.42E+07
66	2949.4	62.7	68.6	54.9	4.56E+09	4.43E+01	2.78	1.38E-02	4.31E+01	1.46E-02	4.32E+01	1.47E-02	1.81E-03	4.53E+01	1.53E-02	3.13E-03	23.88	3.35E+00	45.37	6.51E+01	2.21E-02	6.54E-03	7.18E+07
67	3318.1	68	81.7	51.6	5.00E+09	5.58E+01	1.25	7.14E-03	2.44E+01	7.35E-03							1.32	3.92E+01	1.52	2.75E+01	8.27E-03	7.11E-05	7.07E+05
68	2263.5	53.5	58.4	49.3	4.78E+09	3.62E+01	2.63	1.43E-02	3.62E+01	1.60E-02	3.58E+01	1.58E-02	1.43E-03	4.09E+01	1.81E-02	2.59E-03	25.48	2.09E+00	49.46	5.47E+01	2.41E-02	5.99E-03	8.69E+07
69	3254.3	66.5	75.2	55.1	3.65E+09	4.01E+01	3.38	1.36E-02	4.65E+01	1.43E-02	4.62E+01	1.42E-02	1.86E-03	4.98E+01	1.53E-02	3.28E-03	24.97	4.10E+00	47.81	7.66E+01	2.35E-02	7.51E-03	7.65E+07
70	3554.9	72.6	91.6	49.4	3.82E+09	4.58E+01	3.17	1.31E-02	4.78E+01	1.34E-02	4.74E+01	1.33E-02	1.93E-03	4.95E+01	1.39E-02	3.37E-03	27.69	2.75E+00	53.3	6.89E+01	1.94E-02	8.23E-03	7.65E+07
71																							
72	3961	74.9	89.7	56.3	4.53E+09	6.01E+01	2.93	1.40E-02	5.72E+01	1.44E-02	5.59E+01	1.41E-02	2.34E-03	5.89E+01	1.49E-02	4.04E-03	29.89	3.43E+00	57.91	9.01E+01	2.28E-02	1.14E-02	9.43E+07
73	4415.9	79.1	97.1	58	3.85E+09	5.74E+01	3.48	1.41E-02	6.19E+01	1.40E-02	6.12E+01	1.39E-02	2.50E-03	6.37E+01	1.44E-02	4.35E-03	23.57	4.24E+00	45.04	8.74E+01	1.98E-02	8.77E-03	6.58E+07
74	4397.2	76	86.9	64.4	4.51E+09	6.71E+01	2.82	1.31E-02	6.14E+01	1.40E-02	6.14E+01	1.40E-02	2.51E-03	6.55E+01	1.49E-02	4.37E-03	21.49	5.09E+00	42.05	9.18E+01	2.09E-02	8.29E-03	6.27E+07
75	2788.3	59.7	63.2	56.2	4.09E+09	3.82E+01	2.8	1.29E-02	3.70E+01	1.33E-02	3.72E+01	1.33E-02	1.54E-03	3.76E+01	1.35E-02	2.65E-03	25.89	2.28E+00	50.07	5.31E+01	1.90E-02	6.01E-03	7.09E+07