RECORD	CROSS-SECTIONAL AREA	MEAN DIAMETER	MAX DIAMETER	MIN DIAMETER	ELASTIC EMOD	ELASTIC GRADIENT	ELASTIC EXT	ELASTIC STRESS	PLATEAU LOAD	PLATEAU STRESS	LOAD 15%	STRESS 15%	WORK 15%	LOAD 25%	STRESS 25%	WORK 25%	YIELD EXT	POSTYIELD GRADIENT	BREAK EXT	BREAK LOAD	BREAK STRESS	TOTAL WORK	TOUGHNESS
1	4385.4	75.6	81.9	68.2	3.82E+09	5.69E+01	4.24	1.25E-02	5.75E+01	1.31E-02	5.63E+01	1.28E-02	2.10E-03	5.76E+01	1.31E-02	3.79E-03	33.12	3.15E+00	63.28	9.25E+01	2.11E-02	1.23E-02	9.34E+07
2	3868.2	72.8	89	55.3	3.77E+09	4.91E+01	3.04	1.28E-02	5.20E+01	1.34E-02	5.23E+01	1.35E-02	2.10E-03	5.44E+01	1.41E-02	3.69E-03	24.55	3.72E+00	47.32	7.72E+01	2.00E-02	7.98E-03	6.82E+07
3	4399.2	78.2	93.1	60.5	3.74E+09	5.49E+01	3.11	1.24E-02	5.62E+01	1.28E-02	5.63E+01	1.28E-02	2.33E-03	5.88E+01	1.34E-02	4.03E-03	22.42	2.54E+00	42.45	7.31E+01	1.66E-02	7.38E-03	5.49E+07
4	3192.7	67.4	79.4	51.3	4.08E+09	4.36E+01	3.06	1.32E-02	4.36E+01	1.37E-02	4.30E+01	1.35E-02	1.78E-03	4.43E+01	1.39E-02	3.08E-03	30.3	2.58E+00	58.72	6.96E+01	2.18E-02	8.83E-03	9.10E+07
5	2545.4	57.2	59.5	54.5	3.99E+09	3.38E+01	2.93	1.32E-02	3.56E+01	1.40E-02	3.54E+01	1.39E-02	1.47E-03	3.73E+01	1.47E-02	2.56E-03	25.72	2.65E+00	49.09	5.54E+01	2.18E-02	5.91E-03	7.57E+07
6	2314.7	55.4	61.6	47.8	4.03E+09	3.14E+01	2.83	1.25E-02	3.07E+01	1.33E-02	3.04E+01	1.31E-02	1.27E-03	3.19E+01	1.38E-02	2.19E-03	27.04	2.22E+00	52.57	4.91E+01	2.12E-02	5.49E-03	7.82E+07
7	4072.7	72.9	79.2	65.5	3.83E+09	5.27E+01	2.68	1.15E-02	4.88E+01	1.20E-02	4.86E+01	1.19E-02	2.00E-03	4.96E+01	1.22E-02	3.46E-03	23.68	2.78E+00	46.47	6.62E+01	1.62E-02	7.07E-03	5.75E+07
8	2854.3	60.3	64.6	56.2	3.39E+09	3.28E+01	3.22	1.25E-02	3.67E+01	1.29E-02	3.63E+01	1.27E-02	1.50E-03	3.73E+01	1.31E-02	2.57E-03	25.42	2.43E+00	49.24	5.30E+01	1.86E-02	5.76E-03	6.70E+07
9	2616.5	58	62.1	53.7	4.10E+09	3.59E+01	2.63	1.21E-02	3.34E+01	1.28E-02	3.44E+01	1.32E-02	1.39E-03	3.51E+01	1.34E-02	2.42E-03	20.53	1.30E+00	39.67	4.27E+01	1.63E-02	4.06E-03	5.10E+07
10	4596.6	79.2	94.2	62.2	4.02E+09	6.22E+01	2.9	1.26E-02	6.06E+01	1.32E-02	6.08E+01	1.32E-02	2.50E-03	6.25E+01	1.36E-02	4.34E-03	17.46	1.53E+00	33.47	7.00E+01	1.52E-02	5.94E-03	4.26E+07
11	4439	80.7	96.8	58.4	3.98E+09	5.96E+01	2.98	1.29E-02	5.99E+01	1.35E-02	5.92E+01	1.33E-02	2.43E-03	6.27E+01	1.41E-02	4.23E-03	25.32	4.52E+00	49.09	9.29E+01	2.09E-02	9.76E-03	7.29E+07
12	3813.9	74.5	90.6	53.6	4.58E+09	5.91E+01	2.96	1.37E-02	5.39E+01	1.41E-02	5.35E+01	1.40E-02	2.19E-03	5.61E+01	1.47E-02	3.82E-03	21.08	3.89E+00	40.86	7.58E+01	1.99E-02	6.85E-03	5.97E+07
13	2164.4	53.2	56.7	48.6	4.26E+09	3.12E+01	2.72	1.26E-02	2.97E+01	1.37E-02	2.94E+01	1.36E-02	1.21E-03	3.10E+01	1.43E-02	2.08E-03	29.09	2.01E+00	57.31	5.01E+01	2.32E-02	6.00E-03	9.19E+07
14	5105.2	85.8	107.3	60.5	4.08E+09	7.01E+01	2.91	1.25E-02	6.70E+01	1.31E-02	6.73E+01	1.32E-02	2.74E-03	6.81E+01	1.33E-02	4.76E-03	27.46	4.45E+00	53.27	1.03E+02	2.01E-02	1.19E-02	7.69E+07
15	2850.5	70.8	89	40.8	4.47E+09	4.26E+01	3.09	1.50E-02	4.42E+01	1.55E-02	4.35E+01	1.52E-02	1.80E-03	4.62E+01	1.62E-02	3.14E-03	24.65	3.13E+00	47.06	6.57E+01	2.30E-02	6.79E-03	7.83E+07
16	5590.7	90.8	112.2	63.5	3.93E+09	7.43E+01	3.09	1.26E-02	7.32E+01	1.31E-02							5.71	-9.65E-01	9.16	7.14E+01	1.28E-02	1.69E-03	1.00E+07
17	3773.8	73.4	87	55.2	3.92E+09	5.00E+01	2.88	1.24E-02	4.82E+01	1.28E-02	4.80E+01	1.27E-02	1.95E-03	5.31E+01	1.41E-02	3.44E-03	22.8	2.18E+00	44.25	6.60E+01	1.75E-02	6.71E-03	5.89E+07
18	5600.2	84.5	98	72.7	3.68E+09	6.93E+01	3.03	1.20E-02	7.03E+01	1.26E-02	7.03E+01	1.26E-02	2.89E-03	7.28E+01	1.30E-02	4.98E-03	24.23	4.78E+00	46.74	1.02E+02	1.83E-02	1.06E-02	6.25E+07
19	3785.8	74.3	89.8	53.7	3.93E+09	5.00E+01	3	1.30E-02	5.12E+01	1.35E-02	5.03E+01	1.33E-02	2.08E-03	5.23E+01	1.38E-02	3.61E-03	29.73	3.10E+00	57.64	8.09E+01	2.14E-02	1.01E-02	8.78E+07
20	5560.9	84.3	87.9	80.6	3.54E+09	6.60E+01	3.03	1.14E-02	6.63E+01	1.19E-02	6.54E+01	1.18E-02	2.68E-03	6.73E+01	1.21E-02	4.66E-03	30.81	3.77E+00	59.84	1.04E+02	1.87E-02	1.35E-02	7.99E+07
21																							
22	3352.4	65.8	69.9	61.1	4.17E+09	4.74E+01	3.13	1.36E-02	4.76E+01	1.42E-02	4.74E+01	1.41E-02	1.93E-03	5.01E+01	1.49E-02	3.37E-03	23.25	3.58E+00	44.98	7.08E+01	2.11E-02	6.89E-03	6.84E+07
23	4582.7	82.7	101.5	57.5	4.07E+09	6.22E+01	3.05	1.29E-02	6.11E+01	1.33E-02	6.05E+01	1.32E-02	2.50E-03	6.35E+01	1.39E-02	4.32E-03	26.74	3.84E+00	51.21	9.04E+01	1.97E-02	1.03E-02	7.35E+07
24	2384.3	56.6	62.8	48.4	4.17E+09	3.36E+01	2.72	1.24E-02	3.14E+01	1.32E-02	3.14E+01	1.32E-02	1.28E-03	3.26E+01	1.37E-02	2.23E-03	26.9	2.28E+00	53.07	5.03E+01	2.11E-02	5.64E-03	7.86E+07
25	3004.4	64.7	75.5	50.6	4.48E+09	4.56E+01	2.73	1.28E-02	4.04E+01	1.34E-02	4.01E+01	1.34E-02	1.65E-03	4.23E+01	1.41E-02	2.87E-03	22.81	2.77E+00	44.73	5.81E+01	1.93E-02	5.76E-03	6.37E+07
26	3288	65.6	72.2	58	4.15E+09	4.59E+01	2.96	1.32E-02	4.54E+01	1.38E-02	4.53E+01	1.38E-02	1.86E-03	4.64E+01	1.41E-02	3.23E-03	25.13	3.14E+00	48.58	6.71E+01	2.04E-02	7.18E-03	7.20E+07
27	2612.7	58.6	63.4	52.5	4.08E+09	3.58E+01	3	1.31E-02	3.60E+01	1.38E-02	3.49E+01	1.34E-02	1.45E-03	3.71E+01	1.42E-02	2.52E-03	29.23	2.37E+00	56.71	5.90E+01	2.26E-02	7.10E-03	8.94E+07
28	3397.1	71.9	89.5	48.3	4.57E+09	5.26E+01	2.96	1.36E-02	4.54E+01	1.34E-02	4.48E+01	1.32E-02	1.86E-03	4.58E+01	1.35E-02	3.21E-03	24.74	2.22E+00	48.45	5.95E+01	1.75E-02	6.73E-03	6.59E+07
29	4781.6	79.9	92.9	65.5	3.84E+09	6.19E+01	2.98	1.20E-02	5.90E+01	1.23E-02							3.6	5.27E+00	4.43	6.17E+01	1.29E-02	5.68E-04	3.93E+06
30	4061.5	73.2	80.8	63.8	5.00E+09	6.80E+01	2.43	1.28E-02	5.86E+01	1.44E-02	6.16E+01	1.52E-02	2.45E-03				12.51	1.07E+00	24.01	6.42E+01	1.58E-02	4.15E-03	3.36E+07
31	3534.9	70.5	86.5	52.1	1.23E+10	1.48E+02	0.07	1.50E-03	4.53E+00	1.28E-03	2.05E+00	5.80E-04	9.94E-05	2.10E+00	5.94E-04	1.62E-04	0.2	-1.62E+00	0.37	4.05E+00	1.15E-03	4.34E-06	4.09E+04
32	5585	85.1	95.2	74.7	3.52E+09	6.63E+01	3.34	1.25E-02	7.24E+01	1.30E-02	7.12E+01	1.28E-02	2.91E-03	7.38E+01	1.32E-02	5.02E-03	30.22	3.97E+00	58.4	1.10E+02	1.98E-02	1.41E-02	8.35E+07
33	4167.7	73.7	85.6	62	4.06E+09	5.71E+01	3.11	1.36E-02	5.74E+01	1.38E-02	5.62E+01	1.35E-02	2.34E-03	5.86E+01	1.41E-02	4.04E-03	27.55	3.84E+00	53.17	8.93E+01	2.14E-02	1.03E-02	8.14E+07
34	3352.7	67.4	76.7	55.7	4.48E+09	5.02E+01	2.1	1.03E-02	3.55E+01	1.06E-02							3.11	1.08E+01	4.3	3.93E+01	1.17E-02	3.67E-04	3.59E+06
35	3340.3	65.8	73.7	57.7	4.42E+09	4.96E+01	2.8	1.33E-02	4.77E+01	1.43E-02	4.73E+01	1.42E-02	1.95E-03	4.94E+01	1.48E-02	3.38E-03	28	3.26E+00	54.31	7.70E+01	2.30E-02	8.94E-03	8.82E+07
36	2835.5	63	74.1	48.6	3.99E+09	3.80E+01	2.77	1.25E-02	3.80E+01	1.34E-02	3.91E+01	1.38E-02	1.54E-03	4.14E+01	1.46E-02	2.73E-03	24.39	2.12E+00	47.49	5.45E+01	1.92E-02	5.84E-03	6.79E+07
37	2489.2	58.1	66.3	47.8	4.44E+09	3.68E+01	2.55	1.21E-02	3.16E+01	1.27E-02	3.12E+01	1.25E-02	1.32E-03	3.27E+01	1.31E-02	2.28E-03	28.17	1.89E+00	54.85	4.81E+01	1.93E-02	5.86E-03	7.69E+07
38	3954.7	72.6	86.3	58.4	4.18E+09	5.55E+01	3.07	1.39E-02	5.55E+01	1.40E-02	5.48E+01	1.38E-02	2.29E-03	5.70E+01	1.44E-02	3.94E-03	23.71	4.04E+00	45.65	8.09E+01	2.04E-02	8.18E-03	6.82E+07
39	4040.4	71.8	77.8	66.1	4.23E+09	5.72E+01	2.83	1.27E-02	5.43E+01	1.34E-02	5.42E+01	1.34E-02	2.24E-03	5.61E+01	1.39E-02	3.87E-03	19.85	3.13E+00	38.05	7.09E+01	1.75E-02	6.31E-03	5.14E+07
40	4196.9	72.8	77.4	69	3.84E+09	5.42E+01	3.19	1.32E-02	5.50E+01	1.31E-02	5.37E+01	1.28E-02	2.26E-03	5.62E+01	1.34E-02	3.89E-03	28.16	3.06E+00	54.31	8.21E+01	1.96E-02	9.93E-03	7.80E+07
41	4053.2	74.8	86.3	59.7	3.97E+09	5.45E+01	2.76	1.19E-02	5.12E+01	1.26E-02	5.11E+01	1.26E-02	2.09E-03	5.34E+01	1.32E-02	3.59E-03	26.94	2.77E+00	53.12	7.55E+01	1.86E-02	8.91E-03	7.30E+07
42	3535.4	67.4	70.5	63.8	3.80E+09	4.56E+01	4	1.27E-02	4.56E+01	1.29E-02	4.60E+01	1.30E-02	1.73E-03	5.03E+01	1.42E-02	3.15E-03	16.74	1.73E+00	30.79	5.27E+01	1.49E-02	4.02E-03	3.80E+07
43	5060.3	83.6	98.2	65.6	3.81E+09	6.52E+01	3.39	1.30E-02	7.00E+01	1.38E-02	6.85E+01	1.35E-02	2.75E-03	7.25E+01	1.43E-02	4.84E-03	30.18	4.92E+00	58.23	1.20E+02	2.37E-02	1.44E-02	9.43E+07
44	7023.2	99.9	120.1	74.5	4.41E+09	1.05E+02	2.96	1.29E-02	9.62E+01	1.37E-02	9.37E+01	1.33E-02	3.84E-03	9.78E+01	1.39E-02	6.66E-03	31.16	5.62E+00	61.26	1.60E+02	2.28E-02	2.06E-02	9.75E+07
45	4770.3	82.1	97.5	62.3	4.27E+09	6.89E+01	2.85	1.27E-02	6.36E+01	1.33E-02	6.36E+01	1.33E-02	2.61E-03	6.66E+01	1.40E-02	4.50E-03	24.08	4.26E+00	46.9	9.24E+01	1.94E-02	9.57E-03	6.65E+07
46	3813.6	70.2	77.4	62.8	3.99E+09	5.12E+01	3.1	1.35E-02	5.35E+01	1.40E-02	5.29E+01	1.39E-02	2.17E-03	5.62E+01	1.47E-02	3.79E-03	25.26	4.06E+00	48.75	8.39E+01	2.20E-02	8.72E-03	7.54E+07
47	4060.1	73.1	82.8	62.4	4.06E+09	5.51E+01	2.82	1.22E-02	5.30E+01	1.31E-02	5.26E+01	1.30E-02	2.17E-03	5.43E+01	1.34E-02	3.75E-03	29.85	3.17E+00	57.74	8.52E+01	2.10E-02	1.07E-02	8.60E+07
48	3123.1	64.1	69.3	57.4	4.12E+09	4.30E+01	2.92	1.34E-02	4.35E+01	1.39E-02	4.29E+01	1.37E-02	1.80E-03	4.52E+01	1.45E-02	3.10E-03	25.2	3.17E+00	48.53	6.73E+01	2.16E-02	7.09E-03	7.44E+07
49	3843.5	70.6	73.6	66.5	4.00E+09	5.17E+01	3.14	1.39E-02	5.59E+01	1.46E-02	5.56E+01	1.45E-02	2.28E-03	5.86E+01	1.53E-02	3.97E-03	26.5	4.17E+00	50.96	8.98E+01	2.34E-02	9.67E-03	8.30E+07
50	3857.9	73.9	86.1	57.1	4.57E+09	5.97E+01	2.92	1.35E-02	5.29E+01	1.37E-02	5.22E+01	1.35E-02	2.18E-03	5.40E+01	1.40E-02	3.71E-03	27.78	3.27E+00	54.57	8.04E+01	2.08E-02	9.57E-03	8.24E+07
51	3486.4	67.1	75.1	59.1	3.68E+09	4.31E+01	3.23	1.28E-02	4.62E+01	1.32E-02	4.55E+01	1.30E-02	1.86E-03	4.79E+01	1.37E-02	3.25E-03	28.2	2.93E+00	54.35	7.13E+01	2.04E-02	8.42E-03	7.96E+07
52	3788.8	74.4	88.8	54.3	4.26E+09	5.44E+01	3.11	1.35E-02	5.33E+01	1.41E-02	5.24E+01	1.38E-02	2.14E-03	5.64E+01	1.49E-02	3.71E-03	28.7	3.04E+00	55.49	8.02E+01	2.12E-02	9.83E-03	8.58E+07
53	3323.5	69.6	85.1	49.7	3.99E+09	4.43E+01	3.14	1.36E-02	4.60E+01	1.38E-02	4.57E+01	1.38E-02	1.87E-03	4.75E+01	1.43E-02	3.27E-03	27.23	2.60E+00	52.05	6.65E+01	2.00E-02	7.81E-03	7.69E+07
54	2834.5	62.2	68.4	52.8	4.31E+09	4.11E+01	2.64	1.21E-02	3.58E+01	1.26E-02	3.52E+01	1.24E-02	1.49E-03	3.63E+01	1.28E-02	2.54E-03	28.84	2.01E+00	56.53	5.26E+01	1.86E-02	6.65E-03	7.74E+07
55	2849.9	64.4	79.5	45.7	4.19E+09	4.02E+01	2.84	1.27E-02	3.81E+01	1.34E-02	3.77E+01	1.32E-02	1.58E-03	3.96E+01	1.39E-02	2.72E-03	24.51	2.84E+00	47.39	5.78E+01	2.03E-02	5.95E-03	6.88E+07
56	3461.7	69.4	85.1	51.8	4.57E+09	5.37E+01	2.76	1.31E-02	4.79E+01	1.38E-02	4.74E+01	1.37E-02	1.94E-03	4.92E+01	1.42E-02	3.37E-03	27.27	3.21E+00	53.88	7.49E+01	2.16E-02	8.65E-03	8.33E+07
57	3906.2	74.8	93	53.5	4.64E+09	6.14E+01	2.79	1.32E-02	5.37E+01	1.37E-02	5.32E+01	1.36E-02	2.20E-03	5.64E+01	1.44E-02	3.79E-03	24.09	3.79E+00	47.36	8.02E+01	2.05E-02	8.25E-03	7.02E+07
58	4463.6	77.4	90.6	62.8	4.58E+09	6.92E+01	1.63	7.94E-03	3.59E+01	8.04E-03							1.73	4.74E+00	1.89	3.65E+01	8.18E-03	1.21E-04	9.03E+05
59	3390.3	67.2	76.3	56.6	4.29E+09	4.88E+01	2.96	1.37E-02	4.68E+01	1.38E-02	4.60E+01	1.36E-02	1.94E-03	4.72E+01	1.39E-02	3.32E-03	28.46	2.65E+00	54.91	6.92E+01	2.04E-02	8.51E-03	8.25E+07
60	3516.6	73	91.3	49	4.76E+09	5.67E+01	2.86	1.39E-02	5.11E+01	1.45E-02	5.05E+01	1.44E-02	2.09E-03	5.21E+01	1.48E-02	3.61E-03	25.14	3.53E+00	49.38	7.57E+01	2.15E-02	8.19E-03	7.75E+07
61	4188.4	74.7	87.7	60.8	3.85E+09	5.46E+01	3.13	1.28E-02	5.54E+01	1.32E-02	5.56E+01	1.33E-02	2.23E-03	5.70E+01	1.36E-02	3.90E-03	25.58	3.43E+00	49.63	7.90E+01	1.89E-02	8.74E-03	6.94E+07
62	3579.4	70.3	83.3	54.7	4.61E+09	5.59E+01	2.79	1.31E-02	4.93E+01	1.38E-02	4.94E+01	1.38E-02	2.03E-03	5.14E+01	1.44E-02	3.49E-03	21.97	3.11E+00	42.9	6.81E+01	1.90E-02	6.60E-03	6.13E+07
63	2262.5	53.5	58.8	49	3.73E+09	2.82E+01	2.75	1.15E-02	2.70E+01	1.19E-02	2.71E+01	1.20E-02	1.11E-03	2.84E+01	1.26E-02	1.93E-03	26.26	1.35E+00	50.92	3.81E+01	1.68E-02	4.44E-03	6.44E+07
64	2500.3	58.1	66.2	48.1	4.78E+09	4.05E+01	2.89	1.44E-02	3.78E+01	1.51E-02	3.77E+01	1.51E-02	1.54E-03	3.95E+01	1.58E-02	2.68E-03	23.25	2.61E+00	45.58	5.44E+01	2.18E-02	5.50E-03	7.32E+07
65	3221.9	65.1	74.8	54.9	4.36E+09	4.73E+01	2.91	1.36E-02	4.49E+01	1.39E-02	4.47E+01	1.39E-02	1.86E-03	4.65E+01	1.44E-02	3.21E-03	22.24	3.12E+00	43.06	6.30E+01	1.96E-02	6.11E-03	6.26E+07
66	3892.1	72.3	87.1	56.9	4.21E+09	5.55E+01	2.86	1.25E-02	5.05E+01	1.30E-02	5.05E+01	1.30E-02	2.04E-03	5.21E+01	1.34E-02	3.56E-03	26.9	3.11E+00	52.91	7.49E+01	1.92E-02	8.70E-03	7.44E+07
67	3209.6	65.3	74.6	54.8	3.84E+09	4.13E+01	3.06	1.32E-02	4.31E+01	1.34E-02	4.25E+01	1.32E-02	1.77E-03	4.41E+01	1.37E-02	3.06E-03	28.42	2.61E+00	54.67	6.46E+01	2.01E-02	7.82E-03	8.01E+07
68	4315.7	75.1	83.2	66	3.95E+09	5.72E+01	3.32	1.35E-02	5.80E+01	1.34E-02	5.76E+01	1.33E-02	2.39E-03	5.90E+01	1.37E-02	4.12E-03	22.83	3.31E+00	43.36	7.67E+01	1.78E-02	7.74E-03	5.90E+07
69	4866.6	80.4	92.3	67.1	4.17E+09	6.80E+01	2.83	1.25E-02	6.31E+01	1.30E-02	6.21E+01	1.28E-02	2.61E-03	6.59E+01	1.35E-02	4.50E-03	22.91	4.84E+00	44.17	9.35E+01	1.92E-02	9.07E-03	6.12E+07
70	3909.2	73.7	87.4	56.9	4.38E+09	5.81E+01	2.83	1.36E-02	5.70E+01	1.46E-02	5.63E+01	1.44E-02	2.31E-03	6.13E+01	1.57E-02	4.03E-03	23.74	5.11E+00	46.44	9.30E+01	2.38E-02	8.93E-03	7.59E+07
71	4436.6	75.6	84.9	66.5	4.05E+09	6.08E+01	2.82	1.18E-02	5.38E+01	1.21E-02							6.43	-3.53E-01	11.44	5.19E+01	1.17E-02	1.62E-03	1.21E+07
72	5016.2	81.5	91.6	69.7	4.05E+09	6.82E+01	3.39	1.32E-02	6.98E+01	1.39E-02	6.99E+01	1.39E-02	2.80E-03	7.16E+01	1.43E-02	4.85E-03	27.69	4.34E+00	53.07	1.04E+02	2.08E-02	1.21E-02	7.97E+07
73	4849.2	82.5	98.3	62.8	3.61E+09	5.93E+01	3.42	1.36E-02	6.84E+01	1.41E-02	6.73E+01	1.39E-02	2.71E-03	7.14E+01	1.47E-02	4.77E-03	25.7	5.15E+00	49.53	1.07E+02	2.20E-02	1.12E-02	7.69E+07
74																							
75	3980.8	74.7	91.4	55.5	4.04E+09	5.45E+01	3.26	1.33E-02	5.50E+01	1.38E-02	5.50E+01	1.38E-02	2.23E-03	5.68E+01	1.43E-02	3.85E-03	24.66	3.79E+00	47.56	8.08E+01	2.03E-02	8.37E-03	6.99E+07
76	3342.7	65.7	70.4	60.4	3.75E+09	4.26E+01	2.93	1.24E-02	4.56E+01	1.36E-02	4.49E+01	1.34E-02	1.78E-03	5.03E+01	1.51E-02	3.16E-03	27.35	3.41E+00	53.58	7.67E+01	2.29E-02	8.49E-03	8.45E+07
77	2735.9	60.5	68.8	50.8	4.43E+09	4.08E+01	2.68	1.31E-02	3.73E+01	1.36E-02	3.73E+01	1.36E-02	1.55E-03	3.85E+01	1.41E-02	2.68E-03	19.33	1.64E+00	37.44	4.69E+01	1.71E-02	4.19E-03	5.07E+07
78	4759.4	84.3	104.3	58.1	4.45E+09	7.18E+01	2.83	1.28E-02	6.51E+01	1.37E-02	6.57E+01	1.38E-02	2.63E-03	6.92E+01	1.45E-02	4.62E-03	22.57	5.10E+00	44.32	9.76E+01	2.05E-02	9.33E-03	6.52E+07
79																							
80	4024.8	77.3	94.2	54.4	4.06E+09	5.45E+01	3.04	1.28E-02	5.34E+01	1.33E-02	5.32E+01	1.32E-02	2.19E-03	5.82E+01	1.45E-02	3.88E-03	22.15	3.45E+00	42	7.61E+01	1.89E-02	7.20E-03	5.85E+07
81	3779.1	73.5	87.3	55.2	3.78E+09	4.80E+01	3.13	1.33E-02	5.20E+01	1.38E-02	5.15E+01	1.36E-02	2.11E-03	5.38E+01	1.42E-02	3.68E-03	24.46	3.36E+00	46.94	7.47E+01	1.98E-02	7.84E-03	6.83E+07
82	4383.6	74.8	79.7	70.1	3.88E+09	5.72E+01	3.06	1.25E-02	5.80E+01	1.32E-02	5.73E+01	1.31E-02	2.34E-03	6.02E+01	1.37E-02	4.09E-03	27.6	3.95E+00	53.36	9.12E+01	2.08E-02	1.04E-02	7.84E+07
83	4607.8	77.7	86.1	68.1	4.01E+09	6.24E+01	2.98	1.30E-02	6.48E+01	1.41E-02	6.50E+01	1.41E-02	2.61E-03	7.02E+01	1.52E-02	4.60E-03	22.8	5.40E+00	44.05	1.01E+02	2.18E-02	9.40E-03	6.76E+07
84	2236.4	53.5	58.8	48.4	4.46E+09	3.35E+01	2.7	1.29E-02	2.99E+01	1.34E-02	2.98E+01	1.33E-02	1.24E-03	3.14E+01	1.40E-02	2.15E-03	22.99	1.86E+00	44.53	4.23E+01	1.89E-02	4.26E-03	6.28E+07
85	3244	65.4	73.3	56.2	4.73E+09	5.13E+01	2.17	1.09E-02	3.81E+01	1.18E-02							7.68	1.71E+00	14.75	4.37E+01	1.35E-02	1.65E-03	1.67E+07
86	3124.9	64.7	70.9	56.1	4.46E+09	4.69E+01	2.77	1.30E-02	4.20E+01	1.34E-02	4.15E+01	1.33E-02	1.74E-03	4.40E+01	1.41E-02	3.00E-03	25.54	2.65E+00	49.6	6.15E+01	1.97E-02	6.80E-03	7.18E+07
87	3975.3	73.2	85.6	59.1	4.19E+09	5.63E+01	3.05	1.33E-02	5.34E+01	1.34E-02	5.22E+01	1.31E-02	2.19E-03	5.48E+01	1.38E-02	3.74E-03	29.09	3.24E+00	56.75	8.20E+01	2.06E-02	1.01E-02	8.45E+07
88	2550.4	57.5	60.6	53.5	4.51E+09	3.86E+01	2.93	1.34E-02	3.65E+01	1.43E-02	3.60E+01	1.41E-02	1.48E-03	3.74E+01	1.46E-02	2.57E-03	29.31	2.36E+00	56.98	5.88E+01	2.31E-02	7.16E-03	9.24E+07
89	3751.8	72.3	85.1	56.1	4.43E+09	5.64E+01	2.96	1.35E-02	5.33E+01	1.42E-02	5.23E+01	1.39E-02	2.16E-03	5.59E+01	1.49E-02	3.72E-03	27	3.98E+00	53.06	8.84E+01	2.36E-02	9.74E-03	8.64E+07
90	4110.2	73.6	84.7	61.8	3.85E+09	5.34E+01	3.15	1.30E-02	5.68E+01	1.38E-02	5.69E+01	1.38E-02	2.29E-03	6.02E+01	1.46E-02	4.01E-03	23.11	4.83E+00	44.54	8.79E+01	2.14E-02	8.27E-03	6.67E+07
91	3480.4	67.4	73.7	60.2	3.87E+09	4.52E+01	2.8	1.22E-02	4.45E+01	1.28E-02	4.36E+01	1.25E-02	1.83E-03	4.58E+01	1.32E-02	3.15E-03	30.12	2.72E+00	58.7	7.20E+01	2.07E-02	9.05E-03	8.55E+07
92	2432.8	55.7	60.1	51.5	3.99E+09	3.25E+01	2.89	1.31E-02	3.37E+01	1.39E-02	3.38E+01	1.39E-02	1.39E-03	3.59E+01	1.48E-02	2.42E-03	23.97	2.84E+00	46.01	5.32E+01	2.19E-02	5.19E-03	7.01E+07
93	3654.2	69.1	74.2	62.7	4.36E+09	5.32E+01	2.16	1.04E-02	3.86E+01	1.06E-02							2.29	2.51E+01	2.56	4.12E+01	1.13E-02	1.93E-04	1.73E+06
94	2951	63.6	74.2	50.7	4.43E+09	4.40E+01	3.04	1.43E-02	4.38E+01	1.49E-02	4.44E+01	1.50E-02	1.79E-03	4.53E+01	1.54E-02	3.12E-03	25.18	2.89E+00	48.45	6.26E+01	2.12E-02	6.86E-03	7.68E+07
95	4258	74.4	82.9	65.7	4.07E+09	5.81E+01	3.22	1.42E-02	6.29E+01	1.48E-02	6.26E+01	1.47E-02	2.54E-03	6.58E+01	1.55E-02	4.45E-03	25.01	3.88E+00	47.58	8.85E+01	2.08E-02	9.56E-03	7.38E+07
96	2794	60.6	68.3	52.1	4.36E+09	4.08E+01	2.83	1.37E-02	4.09E+01	1.47E-02	4.18E+01	1.50E-02	1.69E-03	4.36E+01	1.56E-02	2.96E-03	20.92	2.87E+00	40.3	5.85E+01	2.09E-02	5.25E-03	6.18E+07
97	4065.7	71.7	79.9	64.8	3.71E+09	5.10E+01	3.25	1.29E-02	5.50E+01	1.35E-02	5.44E+01	1.34E-02	2.21E-03	5.77E+01	1.42E-02	3.87E-03	25.52	4.33E+00	49.32	8.75E+01	2.15E-02	9.10E-03	7.43E+07
98	6528	96.8	118.2	70.3	3.91E+09	8.61E+01	2.98	1.25E-02	8.47E+01	1.30E-02	8.35E+01	1.28E-02	3.47E-03	8.89E+01	1.36E-02	5.97E-03	26.36	5.93E+00	51.26	1.33E+02	2.03E-02	1.46E-02	7.38E+07
99	4134.1	74.5	86.3	61	3.82E+09	5.28E+01	3.02	1.29E-02	5.69E+01	1.38E-02	5.68E+01	1.37E-02	2.32E-03	6.00E+01	1.45E-02	4.05E-03	26.07	4.51E+00	49.97	9.24E+01	2.23E-02	9.73E-03	7.72E+07
100	4019	75.1	88.2	58.1	4.22E+09	5.72E+01	2.95	1.33E-02	5.35E+01	1.33E-02	5.27E+01	1.31E-02	2.20E-03	5.53E+01	1.38E-02	3.81E-03	20.68	2.75E+00	39.97	6.89E+01	1.71E-02	6.50E-03	5.35E+07