Three Phase Analysis Version 6.0
Source File: D:\20241209$IHNY$25 AActrl$25pys 0.01$25pys 0.03$25pys 0.05.uvc
RECORD	CROSS-SECTIONAL AREA	MEAN DIAMETER	MAX DIAMETER	MIN DIAMETER	ELASTIC EMOD	ELASTIC GRADIENT	ELASTIC EXT	ELASTIC STRESS	PLATEAU LOAD	PLATEAU STRESS	LOAD 15%	STRESS 15%	WORK 15%	LOAD 25%	STRESS 25%	WORK 25%	YIELD EXT	POSTYIELD GRADIENT	BREAK EXT	BREAK LOAD	BREAK STRESS	TOTAL WORK	TOUGHNESS
	  sq. microns	Microns	Microns	Microns	Pascals	gmf/mm	% Strain	gmf/sq micron	gmf	gmf/sq micron	gmf	gmf/sq micron	Joules	gmf	gmf/sq micron	Joules	% Strain	gmf/mm	% Strain	gmf	gmf/sq micron	Joules	Joules/m3
1	4453.1	76.0	80.8	70.2	3.784e+009	5.707e+001	3.32	1.263e-002	5.785e+001	1.299e-002	5.705e+001	1.281e-002	2.309e-003	5.890e+001	1.323e-002	4.007e-003	28.90	3.643e+000	55.81	9.140e+001	2.052e-002	1.090e-002	8.135e+007
2	5144.7	85.4	102.9	63.7	3.873e+009	6.688e+001	2.90	1.209e-002	6.358e+001	1.236e-002	6.250e+001	1.215e-002	2.579e-003	6.580e+001	1.279e-002	4.496e-003	28.12	3.385e+000	54.63	9.130e+001	1.775e-002	1.129e-002	7.224e+007
3	3410.2	71.1	87.6	49.6	4.544e+009	5.218e+001	2.87	1.343e-002	4.660e+001	1.367e-002	4.695e+001	1.377e-002	1.900e-003	4.775e+001	1.400e-002	3.307e-003	25.67	2.616e+000	49.95	6.495e+001	1.905e-002	7.397e-003	7.165e+007
4	3855.5	82.2	105.8	46.4	4.731e+009	6.130e+001	3.03	1.491e-002	5.816e+001	1.508e-002	5.785e+001	1.500e-002	2.385e-003	5.970e+001	1.548e-002	4.118e-003	23.48	2.915e+000	45.24	7.660e+001	1.987e-002	8.151e-003	6.971e+007
5	3899.6	70.6	78.2	63.5	3.938e+009	5.202e+001	3.09	1.241e-002	5.034e+001	1.291e-002	4.900e+001	1.257e-002	2.021e-003	5.170e+001	1.326e-002	3.479e-003	29.51	3.438e+000	57.43	8.415e+001	2.158e-002	1.006e-002	8.573e+007
6	4537.3	78.3	89.0	64.9	3.713e+009	5.614e+001	3.07	1.264e-002	5.717e+001	1.260e-002	5.645e+001	1.244e-002	2.387e-003	5.865e+001	1.293e-002	4.088e-003	25.07	4.022e+000	47.79	8.505e+001	1.874e-002	8.967e-003	6.461e+007
7	3639.3	72.7	88.6	52.3	4.400e+009	5.398e+001	3.21	1.304e-002	4.874e+001	1.339e-002	4.925e+001	1.353e-002	1.955e-003	4.930e+001	1.355e-002	3.391e-003	26.72	3.036e+000	51.42	7.075e+001	1.944e-002	8.056e-003	7.320e+007
8	4822.7	81.9	98.0	62.7	4.655e+009	7.517e+001	2.43	1.183e-002	6.512e+001	1.350e-002	6.610e+001	1.371e-002	2.688e-003	6.860e+001	1.422e-002	4.681e-003	25.13	4.893e+000	49.28	1.025e+002	2.124e-002	1.085e-002	7.392e+007
9
10	4209.5	78.1	93.8	57.1	4.265e+009	5.986e+001	2.88	1.270e-002	5.528e+001	1.313e-002	5.460e+001	1.297e-002	2.292e-003	5.730e+001	1.361e-002	3.985e-003	23.26	3.449e+000	44.65	7.725e+001	1.835e-002	7.890e-003	6.131e+007
11	3542.0	68.7	80.8	55.8	3.994e+009	4.798e+001	3.13	1.294e-002	4.743e+001	1.339e-002	4.785e+001	1.351e-002	1.926e-003	5.065e+001	1.430e-002	3.362e-003	18.80	2.587e+000	36.27	6.170e+001	1.742e-002	5.207e-003	4.892e+007
12	4716.4	81.2	96.8	62.0	4.037e+009	6.422e+001	2.81	1.178e-002	5.697e+001	1.208e-002	5.695e+001	1.207e-002	2.336e-003	5.975e+001	1.267e-002	4.059e-003	24.16	2.966e+000	47.12	7.870e+001	1.669e-002	8.492e-003	5.958e+007
13	2824.9	60.8	68.4	52.5	4.409e+009	4.153e+001	2.62	1.211e-002	3.727e+001	1.319e-002	3.730e+001	1.320e-002	1.518e-003	3.920e+001	1.388e-002	2.680e-003	26.69	2.465e+000	51.88	5.745e+001	2.034e-002	6.525e-003	7.556e+007
14	4450.4	76.8	85.7	66.2	3.916e+009	5.906e+001	3.16	1.271e-002	5.801e+001	1.303e-002	5.730e+001	1.288e-002	2.352e-003	5.910e+001	1.328e-002	4.047e-003	28.99	3.742e+000	56.48	9.240e+001	2.076e-002	1.112e-002	8.303e+007
15	3711.8	68.5	76.3	61.9	4.222e+009	5.286e+001	2.91	1.278e-002	4.742e+001	1.277e-002	4.710e+001	1.269e-002	1.953e-003	4.885e+001	1.316e-002	3.370e-003	23.36	3.265e+000	45.37	6.730e+001	1.813e-002	6.826e-003	6.085e+007
16	2677.6	59.7	65.7	51.9	4.391e+009	3.972e+001	2.85	1.305e-002	3.530e+001	1.318e-002	3.465e+001	1.294e-002	1.440e-003	3.610e+001	1.348e-002	2.484e-003	29.57	2.127e+000	57.77	5.615e+001	2.097e-002	6.983e-003	8.644e+007
17	4441.9	79.0	97.3	58.1	4.049e+009	6.103e+001	3.06	1.311e-002	5.882e+001	1.324e-002	5.805e+001	1.307e-002	2.407e-003	6.105e+001	1.374e-002	4.132e-003	23.30	4.328e+000	45.44	8.645e+001	1.946e-002	8.557e-003	6.413e+007
18	2813.8	63.4	74.1	48.3	4.013e+009	3.797e+001	2.87	1.299e-002	3.698e+001	1.314e-002	3.685e+001	1.310e-002	1.532e-003	3.765e+001	1.338e-002	2.636e-003	25.11	2.384e+000	48.56	5.250e+001	1.866e-002	5.769e-003	6.764e+007
19	3558.7	70.1	82.3	55.1	3.650e+009	4.381e+001	3.18	1.249e-002	4.594e+001	1.291e-002	4.535e+001	1.274e-002	1.835e-003	4.795e+001	1.347e-002	3.216e-003	26.84	3.309e+000	51.72	7.195e+001	2.022e-002	7.933e-003	7.377e+007
20	4853.7	83.5	102.8	60.1	3.794e+009	6.181e+001	3.03	1.228e-002	6.083e+001	1.253e-002	6.015e+001	1.239e-002	2.506e-003	6.430e+001	1.325e-002	4.341e-003	17.16	2.715e+000	32.53	7.340e+001	1.512e-002	5.864e-003	3.978e+007
21	3010.6	63.2	68.3	56.1	4.112e+009	4.148e+001	2.73	1.222e-002	3.929e+001	1.305e-002	3.915e+001	1.300e-002	1.617e-003	4.135e+001	1.373e-002	2.810e-003	23.50	3.012e+000	45.56	5.960e+001	1.980e-002	5.894e-003	6.435e+007
22	3877.9	71.6	81.9	60.3	4.129e+009	5.350e+001	2.82	1.230e-002	4.796e+001	1.237e-002	4.745e+001	1.224e-002	1.995e-003	4.910e+001	1.266e-002	3.440e-003	23.14	2.642e+000	44.38	6.390e+001	1.648e-002	6.649e-003	5.620e+007
23	2620.2	59.2	68.0	49.0	4.052e+009	3.607e+001	2.87	1.290e-002	3.546e+001	1.353e-002	3.525e+001	1.345e-002	1.424e-003	3.705e+001	1.414e-002	2.475e-003	27.53	2.617e+000	54.40	5.860e+001	2.236e-002	6.642e-003	8.449e+007
24	4697.4	82.7	99.5	60.1	3.976e+009	6.324e+001	3.19	1.291e-002	6.248e+001	1.330e-002	6.220e+001	1.324e-002	2.529e-003	6.565e+001	1.398e-002	4.417e-003	22.49	5.057e+000	43.22	9.310e+001	1.982e-002	8.631e-003	6.104e+007
25	2899.9	62.4	70.8	52.1	4.269e+009	4.210e+001	4.14	1.462e-002	4.338e+001	1.496e-002	4.255e+001	1.467e-002	1.622e-003	4.400e+001	1.517e-002	2.907e-003	30.60	2.458e+000	58.43	6.550e+001	2.259e-002	8.253e-003	9.496e+007
26	3859.3	72.8	82.6	59.6	3.815e+009	4.971e+001	3.01	1.205e-002	4.870e+001	1.262e-002	4.825e+001	1.250e-002	1.979e-003	5.060e+001	1.311e-002	3.418e-003	26.57	3.697e+000	51.51	7.820e+001	2.026e-002	8.488e-003	7.285e+007
27	3421.3	71.1	88.1	49.5	4.129e+009	4.774e+001	2.98	1.326e-002	4.667e+001	1.364e-002	4.635e+001	1.355e-002	1.899e-003	4.920e+001	1.438e-002	3.314e-003	23.61	3.743e+000	45.86	7.180e+001	2.099e-002	7.030e-003	6.813e+007
28	2807.8	61.3	69.1	51.8	3.673e+009	3.488e+001	3.05	1.261e-002	3.699e+001	1.317e-002	3.715e+001	1.323e-002	1.513e-003	3.800e+001	1.353e-002	2.606e-003	22.69	2.633e+000	43.99	5.265e+001	1.875e-002	5.141e-003	6.075e+007
29	4084.9	74.2	87.9	59.2	4.096e+009	5.653e+001	2.82	1.198e-002	5.190e+001	1.271e-002	5.175e+001	1.267e-002	2.115e-003	5.340e+001	1.307e-002	3.672e-003	23.96	3.413e+000	46.77	7.400e+001	1.812e-002	7.702e-003	6.249e+007
30	3527.0	71.4	87.6	51.3	4.034e+009	4.821e+001	3.16	1.321e-002	4.686e+001	1.329e-002	4.635e+001	1.314e-002	1.931e-003	4.770e+001	1.352e-002	3.290e-003	22.37	3.088e+000	43.32	6.455e+001	1.830e-002	6.305e-003	5.943e+007
31	2976.7	62.0	69.6	54.5	4.110e+009	4.145e+001	2.76	1.196e-002	3.612e+001	1.214e-002	3.605e+001	1.211e-002	1.493e-003	3.725e+001	1.251e-002	2.559e-003	18.44	6.789e-001	35.89	4.005e+001	1.345e-002	3.793e-003	4.235e+007
32	3894.0	73.5	87.2	56.9	3.471e+009	4.571e+001	3.22	1.246e-002	4.987e+001	1.281e-002	4.930e+001	1.266e-002	2.014e-003	5.180e+001	1.330e-002	3.479e-003	27.41	3.406e+000	53.15	7.860e+001	2.019e-002	8.897e-003	7.580e+007
33	2237.6	53.5	58.3	48.8	3.880e+009	2.933e+001	2.72	1.162e-002	2.820e+001	1.260e-002	2.765e+001	1.236e-002	1.121e-003	3.210e+001	1.435e-002	1.999e-003	25.49	1.905e+000	50.05	4.420e+001	1.975e-002	4.729e-003	7.005e+007
34	4805.9	82.3	102.9	59.3	4.639e+009	7.519e+001	2.02	1.008e-002	5.446e+001	1.133e-002	6.850e+001	1.425e-002	2.424e-003				11.38	1.609e+000	22.96	6.945e+001	1.445e-002	4.054e-003	2.791e+007
35	3709.0	70.5	80.4	58.8	3.872e+009	4.829e+001	3.10	1.296e-002	5.019e+001	1.353e-002	5.000e+001	1.348e-002	2.044e-003	5.255e+001	1.417e-002	3.555e-003	24.91	3.828e+000	47.81	7.765e+001	2.094e-002	7.940e-003	7.063e+007
36	3118.1	63.5	70.7	56.4	3.842e+009	4.047e+001	2.85	1.164e-002	3.874e+001	1.242e-002	3.975e+001	1.275e-002	1.571e-003	4.325e+001	1.387e-002	2.798e-003	19.36	1.807e+000	37.52	5.180e+001	1.661e-002	4.499e-003	4.782e+007
37	3343.3	66.0	71.3	59.7	4.171e+009	4.716e+001	2.82	1.235e-002	4.355e+001	1.303e-002	4.240e+001	1.268e-002	1.769e-003	4.515e+001	1.350e-002	3.033e-003	28.90	2.878e+000	56.57	7.325e+001	2.191e-002	8.632e-003	8.567e+007
38	3584.2	74.0	90.4	50.4	4.342e+009	5.253e+001	2.98	1.331e-002	4.815e+001	1.343e-002	4.715e+001	1.316e-002	1.958e-003	4.990e+001	1.392e-002	3.391e-003	29.04	2.745e+000	56.46	7.220e+001	2.014e-002	8.976e-003	8.292e+007
39	4571.7	81.0	99.0	58.8	4.631e+009	7.179e+001	2.56	1.207e-002	5.842e+001	1.278e-002	5.840e+001	1.277e-002	2.398e-003	5.960e+001	1.304e-002	4.143e-003	26.15	3.186e+000	51.76	8.220e+001	1.798e-002	9.643e-003	7.017e+007
40	2888.9	61.8	69.8	52.7	3.874e+009	3.791e+001	3.09	1.317e-002	3.881e+001	1.343e-002	3.825e+001	1.324e-002	1.583e-003	4.065e+001	1.407e-002	2.725e-003	24.83	3.011e+000	48.12	6.060e+001	2.098e-002	6.183e-003	7.112e+007
41	4383.5	75.3	79.8	70.0	3.618e+009	5.350e+001	3.28	1.284e-002	5.776e+001	1.318e-002	5.690e+001	1.298e-002	2.314e-003	5.970e+001	1.362e-002	4.042e-003	27.60	3.700e+000	53.08	8.780e+001	2.003e-002	1.012e-002	7.638e+007
42	3491.3	67.9	74.8	59.5	3.897e+009	4.607e+001	3.06	1.293e-002	4.716e+001	1.351e-002	4.670e+001	1.338e-002	1.910e-003	4.915e+001	1.408e-002	3.321e-003	26.54	3.381e+000	51.56	7.485e+001	2.144e-002	8.228e-003	7.830e+007
43	4806.0	83.5	101.4	60.3	4.258e+009	6.934e+001	2.89	1.265e-002	6.281e+001	1.307e-002	6.215e+001	1.293e-002	2.577e-003	6.410e+001	1.334e-002	4.412e-003	26.46	3.817e+000	51.63	9.100e+001	1.893e-002	1.045e-002	7.226e+007
44	5004.3	84.0	102.5	62.2	3.973e+009	6.726e+001	3.09	1.276e-002	6.596e+001	1.318e-002	6.465e+001	1.292e-002	2.633e-003	6.765e+001	1.352e-002	4.580e-003	29.70	4.173e+000	57.78	1.078e+002	2.153e-002	1.317e-002	8.735e+007
45	3401.6	68.9	84.0	51.6	4.433e+009	5.083e+001	2.51	1.179e-002	4.203e+001	1.236e-002	4.190e+001	1.232e-002	1.734e-003	4.275e+001	1.257e-002	2.992e-003	26.39	2.460e+000	52.05	5.990e+001	1.761e-002	7.021e-003	6.825e+007
46	2821.6	62.2	73.4	48.9	4.367e+009	4.149e+001	2.87	1.318e-002	3.797e+001	1.346e-002	3.740e+001	1.326e-002	1.521e-003	4.105e+001	1.455e-002	2.691e-003	26.23	1.839e+000	50.91	5.535e+001	1.962e-002	6.338e-003	7.421e+007
47	4475.0	81.3	99.4	57.3	4.013e+009	6.050e+001	3.04	1.250e-002	5.626e+001	1.257e-002	5.500e+001	1.229e-002	2.314e-003	5.700e+001	1.274e-002	3.969e-003	28.78	3.349e+000	55.75	8.575e+001	1.916e-002	1.045e-002	7.721e+007
48	4085.2	73.1	85.1	61.1	3.784e+009	5.233e+001	3.02	1.218e-002	5.353e+001	1.310e-002	5.315e+001	1.301e-002	2.113e-003	5.500e+001	1.346e-002	3.712e-003	31.15	3.364e+000	61.01	9.080e+001	2.223e-002	1.152e-002	9.363e+007
49	2770.5	60.2	68.8	51.2	3.972e+009	3.714e+001	2.72	1.213e-002	3.630e+001	1.310e-002	3.620e+001	1.307e-002	1.486e-003	3.830e+001	1.382e-002	2.585e-003	24.97	2.786e+000	48.91	5.640e+001	2.036e-002	5.901e-003	7.053e+007
50	4334.5	77.7	93.1	59.3	3.962e+009	5.802e+001	2.95	1.216e-002	5.678e+001	1.310e-002	5.770e+001	1.331e-002	2.270e-003	5.980e+001	1.380e-002	4.003e-003	25.89	4.151e+000	50.25	8.835e+001	2.038e-002	9.459e-003	7.233e+007
51	4853.2	81.8	99.0	62.4	4.039e+009	6.601e+001	2.87	1.262e-002	6.346e+001	1.308e-002	6.395e+001	1.318e-002	2.587e-003	6.610e+001	1.362e-002	4.506e-003	25.07	4.597e+000	48.76	9.630e+001	1.984e-002	1.020e-002	6.941e+007
52	4641.2	78.8	90.2	65.8	3.735e+009	5.863e+001	3.05	1.262e-002	5.856e+001	1.262e-002	5.825e+001	1.255e-002	2.398e-003	6.035e+001	1.300e-002	4.124e-003	20.97	2.794e+000	40.51	7.390e+001	1.592e-002	7.164e-003	5.121e+007
53	5527.8	87.7	105.5	66.9	3.699e+009	6.891e+001	3.17	1.216e-002	6.788e+001	1.228e-002	6.635e+001	1.200e-002	2.782e-003	6.960e+001	1.259e-002	4.788e-003	26.48	4.283e+000	50.98	9.990e+001	1.807e-002	1.126e-002	6.732e+007
54	4363.3	75.2	83.8	66.3	3.595e+009	5.285e+001	2.94	1.160e-002	5.224e+001	1.197e-002	5.120e+001	1.173e-002	2.137e-003	5.400e+001	1.238e-002	3.689e-003	28.07	3.532e+000	54.68	8.320e+001	1.907e-002	9.720e-003	7.365e+007
55	3838.8	71.0	78.7	62.1	4.125e+009	5.332e+001	2.87	1.292e-002	5.101e+001	1.329e-002	5.080e+001	1.323e-002	2.082e-003	5.370e+001	1.399e-002	3.619e-003	24.68	3.399e+000	48.00	7.555e+001	1.968e-002	7.974e-003	6.863e+007
56	2686.4	59.2	66.1	51.8	4.149e+009	3.755e+001	2.45	1.098e-002	3.138e+001	1.168e-002	3.145e+001	1.171e-002	1.297e-003	3.340e+001	1.243e-002	2.250e-003	22.84	1.095e+000	44.83	4.105e+001	1.528e-002	4.363e-003	5.369e+007
57	3714.0	69.8	78.2	60.4	3.771e+009	4.733e+001	3.12	1.204e-002	4.701e+001	1.266e-002	4.635e+001	1.248e-002	1.852e-003	4.965e+001	1.337e-002	3.284e-003	27.85	3.289e+000	54.14	7.560e+001	2.036e-002	8.646e-003	7.719e+007
58	5680.6	88.5	104.9	68.9	3.743e+009	7.167e+001	2.98	1.202e-002	7.289e+001	1.283e-002	7.255e+001	1.277e-002	2.947e-003	7.635e+001	1.344e-002	5.098e-003	27.31	5.292e+000	53.17	1.181e+002	2.078e-002	1.329e-002	7.738e+007
59	2625.1	59.7	67.5	49.5	3.943e+009	3.478e+001	2.80	1.225e-002	3.252e+001	1.239e-002	3.185e+001	1.213e-002	1.350e-003	3.305e+001	1.259e-002	2.312e-003	26.15	2.133e+000	50.77	4.815e+001	1.834e-002	5.392e-003	6.773e+007
60	2346.6	55.9	64.0	46.8	3.955e+009	3.136e+001	2.72	1.187e-002	2.969e+001	1.265e-002	2.980e+001	1.270e-002	1.210e-003	3.155e+001	1.345e-002	2.125e-003	21.28	1.879e+000	41.40	4.130e+001	1.760e-002	3.847e-003	5.434e+007
61	4903.3	83.0	102.4	60.9	4.105e+009	6.782e+001	3.07	1.276e-002	6.304e+001	1.286e-002	6.305e+001	1.286e-002	2.568e-003	6.530e+001	1.332e-002	4.464e-003	26.12	4.483e+000	50.41	9.610e+001	1.960e-002	1.048e-002	7.065e+007
62	2398.2	56.2	60.0	50.8	4.686e+009	3.802e+001	2.42	1.224e-002	3.168e+001	1.321e-002	3.215e+001	1.341e-002	1.310e-003				10.55	4.078e-001	20.61	3.310e+001	1.380e-002	1.848e-003	2.558e+007
63	3099.2	63.4	70.2	56.2	3.979e+009	4.162e+001	2.85	1.183e-002	3.822e+001	1.233e-002	3.800e+001	1.226e-002	1.564e-003	4.065e+001	1.312e-002	2.723e-003	24.57	2.419e+000	47.98	5.640e+001	1.820e-002	5.977e-003	6.386e+007
64	3994.2	74.2	91.0	55.9	4.012e+009	5.366e+001	3.19	1.217e-002	5.066e+001	1.268e-002	5.155e+001	1.291e-002	2.049e-003	5.230e+001	1.309e-002	3.583e-003	24.57	3.074e+000	47.01	7.090e+001	1.775e-002	7.556e-003	6.214e+007
65	5039.4	86.2	108.0	59.4	4.009e+009	6.789e+001	3.03	1.245e-002	6.300e+001	1.250e-002	6.165e+001	1.223e-002	2.563e-003	6.410e+001	1.272e-002	4.435e-003	28.09	3.760e+000	54.43	9.225e+001	1.831e-002	1.136e-002	7.434e+007
66	2399.9	60.0	73.1	41.8	4.522e+009	3.655e+001	2.68	1.319e-002	3.215e+001	1.340e-002	3.145e+001	1.310e-002	1.326e-003	3.335e+001	1.390e-002	2.279e-003	28.42	2.113e+000	55.78	5.140e+001	2.142e-002	6.139e-003	8.453e+007
67	3070.6	62.8	73.5	53.2	4.139e+009	4.314e+001	2.86	1.242e-002	3.945e+001	1.285e-002	3.925e+001	1.278e-002	1.624e-003	4.190e+001	1.365e-002	2.804e-003	20.81	3.283e+000	40.63	5.810e+001	1.892e-002	5.092e-003	5.523e+007
68	2342.9	54.9	57.7	51.7	4.227e+009	3.319e+001	2.73	1.289e-002	3.173e+001	1.354e-002	3.095e+001	1.321e-002	1.287e-003	3.280e+001	1.400e-002	2.234e-003	30.41	2.037e+000	59.17	5.300e+001	2.262e-002	6.649e-003	9.329e+007
69	3791.4	71.9	82.8	58.4	4.119e+009	5.268e+001	2.91	1.245e-002	4.726e+001	1.247e-002	4.685e+001	1.236e-002	1.946e-003	4.830e+001	1.274e-002	3.357e-003	19.49	2.518e+000	37.62	6.040e+001	1.593e-002	5.345e-003	4.665e+007
70	2849.2	63.4	75.6	48.0	4.074e+009	3.899e+001	2.83	1.274e-002	3.782e+001	1.327e-002	3.725e+001	1.307e-002	1.557e-003	3.950e+001	1.386e-002	2.694e-003	25.50	2.929e+000	49.56	5.935e+001	2.083e-002	6.294e-003	7.278e+007
71	3030.2	64.1	75.3	51.2	3.867e+009	3.946e+001	2.74	1.200e-002	3.797e+001	1.253e-002	3.805e+001	1.256e-002	1.561e-003	4.105e+001	1.355e-002	2.735e-003	19.09	2.163e+000	37.03	5.085e+001	1.678e-002	4.336e-003	4.728e+007
72	4132.2	73.3	80.8	65.2	4.040e+009	5.610e+001	2.67	1.180e-002	5.079e+001	1.229e-002	5.000e+001	1.210e-002	2.079e-003	5.275e+001	1.277e-002	3.593e-003	27.89	3.445e+000	54.43	8.215e+001	1.988e-002	9.520e-003	7.596e+007
73	2649.7	58.7	64.5	52.3	4.176e+009	3.705e+001	2.79	1.270e-002	3.533e+001	1.334e-002	3.470e+001	1.310e-002	1.457e-003	3.670e+001	1.385e-002	2.510e-003	28.58	2.505e+000	55.42	6.000e+001	2.264e-002	6.947e-003	8.613e+007
74	3435.8	70.1	84.7	51.6	4.260e+009	4.942e+001	2.88	1.310e-002	4.646e+001	1.352e-002	4.605e+001	1.340e-002	1.899e-003	4.820e+001	1.403e-002	3.268e-003	27.16	3.310e+000	53.03	7.345e+001	2.138e-002	8.302e-003	8.004e+007
75	4940.8	83.3	101.3	62.2	3.622e+009	6.041e+001	2.98	1.236e-002	6.066e+001	1.228e-002	6.030e+001	1.220e-002	2.502e-003	6.340e+001	1.283e-002	4.336e-003	18.41	2.440e+000	35.23	7.475e+001	1.513e-002	6.355e-003	4.259e+007
76	3901.0	74.6	90.5	54.9	3.818e+009	5.002e+001	3.10	1.355e-002	5.390e+001	1.382e-002	5.330e+001	1.366e-002	2.213e-003	5.580e+001	1.430e-002	3.832e-003	25.50	4.134e+000	49.16	8.360e+001	2.143e-002	8.807e-003	7.438e+007
77	3573.8	68.0	78.0	58.3	4.146e+009	4.999e+001	2.81	1.217e-002	4.497e+001	1.258e-002	4.530e+001	1.268e-002	1.840e-003	4.615e+001	1.291e-002	3.198e-003	23.80	2.719e+000	46.38	6.240e+001	1.746e-002	6.562e-003	6.078e+007
78	4132.9	75.5	91.7	57.5	4.316e+009	5.968e+001	2.69	1.204e-002	5.123e+001	1.240e-002	5.055e+001	1.223e-002	2.123e-003	5.305e+001	1.284e-002	3.673e-003	23.66	3.407e+000	45.88	7.335e+001	1.775e-002	7.573e-003	6.013e+007
79	5715.4	87.8	103.6	70.2	3.963e+009	7.537e+001	2.97	1.248e-002	7.349e+001	1.286e-002	7.265e+001	1.271e-002	3.017e-003	7.595e+001	1.329e-002	5.249e-003	27.23	5.171e+000	52.37	1.165e+002	2.037e-002	1.317e-002	7.525e+007
80	3174.1	66.7	78.3	51.6	4.078e+009	4.355e+001	2.94	1.240e-002	4.005e+001	1.262e-002	3.905e+001	1.230e-002	1.652e-003	4.145e+001	1.306e-002	2.817e-003	28.46	2.360e+000	55.40	6.025e+001	1.898e-002	7.364e-003	7.659e+007
81	2046.9	51.0	55.7	46.8	3.747e+009	2.585e+001	2.98	1.229e-002	2.576e+001	1.259e-002	2.550e+001	1.246e-002	1.065e-003	2.705e+001	1.322e-002	1.827e-003	24.04	2.115e+000	46.43	4.000e+001	1.954e-002	3.952e-003	6.385e+007
82	5975.0	91.6	110.7	68.7	3.847e+009	7.786e+001	3.12	1.236e-002	7.727e+001	1.293e-002	7.775e+001	1.301e-002	3.136e-003	8.075e+001	1.351e-002	5.435e-003	22.90	5.885e+000	44.43	1.143e+002	1.913e-002	1.099e-002	6.110e+007
83	2721.5	58.9	62.4	55.5	4.479e+009	4.088e+001	2.60	1.240e-002	3.641e+001	1.338e-002	3.740e+001	1.374e-002	1.422e-003	4.020e+001	1.477e-002	2.593e-003	27.84	2.047e+000	54.33	5.475e+001	2.012e-002	6.617e-003	8.001e+007
84	3857.6	73.0	84.3	58.2	3.731e+009	4.849e+001	3.07	1.208e-002	4.824e+001	1.251e-002	4.795e+001	1.243e-002	1.977e-003	5.075e+001	1.316e-002	3.430e-003	23.60	3.794e+000	45.42	7.340e+001	1.903e-002	7.142e-003	6.121e+007
85	5572.9	85.6	96.0	74.1	4.142e+009	7.759e+001	2.74	1.147e-002	6.656e+001	1.194e-002	6.840e+001	1.227e-002	2.719e-003	6.800e+001	1.220e-002	4.749e-003	23.94	3.625e+000	46.64	8.980e+001	1.611e-002	9.708e-003	5.746e+007
86	4546.6	79.3	95.7	60.5	4.035e+009	6.095e+001	2.93	1.292e-002	5.929e+001	1.304e-002	5.880e+001	1.293e-002	2.473e-003	6.080e+001	1.337e-002	4.281e-003	23.21	3.839e+000	44.33	8.260e+001	1.817e-002	8.391e-003	6.015e+007
87	3834.8	70.6	76.5	63.8	3.993e+009	5.156e+001	2.87	1.218e-002	4.951e+001	1.291e-002	4.880e+001	1.273e-002	1.998e-003	5.220e+001	1.361e-002	3.487e-003	27.19	3.681e+000	53.02	8.185e+001	2.134e-002	9.070e-003	7.814e+007
88	3483.8	69.4	83.5	53.1	4.092e+009	4.808e+001	2.91	1.247e-002	4.548e+001	1.306e-002	4.505e+001	1.293e-002	1.843e-003	4.825e+001	1.385e-002	3.214e-003	25.28	3.594e+000	49.21	7.275e+001	2.088e-002	7.543e-003	7.164e+007
89	4214.8	76.6	92.9	57.8	4.225e+009	5.997e+001	3.01	1.301e-002	5.473e+001	1.299e-002	5.415e+001	1.285e-002	2.230e-003	5.690e+001	1.350e-002	3.875e-003	25.27	3.231e+000	48.96	7.815e+001	1.854e-002	8.592e-003	6.735e+007
90	3434.8	69.5	81.0	54.0	4.272e+009	4.887e+001	2.78	1.280e-002	4.566e+001	1.329e-002	4.600e+001	1.339e-002	1.904e-003	4.700e+001	1.368e-002	3.272e-003	24.67	3.413e+000	47.55	6.990e+001	2.035e-002	7.242e-003	6.890e+007
91	6157.7	91.2	106.3	73.8	3.521e+009	7.260e+001	3.19	1.146e-002	7.250e+001	1.177e-002	7.115e+001	1.155e-002	2.962e-003	7.525e+001	1.222e-002	5.134e-003	25.69	4.905e+000	49.11	1.095e+002	1.777e-002	1.171e-002	6.248e+007
92	4155.0	75.3	85.4	61.9	4.040e+009	5.621e+001	3.06	1.291e-002	5.543e+001	1.334e-002	5.545e+001	1.335e-002	2.257e-003	5.780e+001	1.391e-002	3.944e-003	26.08	4.033e+000	50.03	8.535e+001	2.054e-002	9.265e-003	7.325e+007
93	4752.3	82.6	101.9	59.4	3.412e+009	5.496e+001	3.16	1.215e-002	6.062e+001	1.275e-002	5.915e+001	1.245e-002	2.377e-003	6.370e+001	1.340e-002	4.197e-003	29.00	4.550e+000	56.53	1.042e+002	2.193e-002	1.204e-002	8.427e+007
94	2921.9	63.5	72.9	51.0	4.261e+009	4.158e+001	2.79	1.275e-002	3.873e+001	1.325e-002	3.775e+001	1.292e-002	1.596e-003	4.020e+001	1.376e-002	2.759e-003	26.34	2.944e+000	51.02	6.255e+001	2.141e-002	6.813e-003	7.640e+007
95	3771.1	70.4	79.8	60.2	4.323e+009	5.476e+001	2.73	1.264e-002	4.874e+001	1.293e-002	4.795e+001	1.272e-002	2.020e-003	5.095e+001	1.351e-002	3.483e-003	25.90	3.077e+000	50.31	7.115e+001	1.887e-002	8.027e-003	7.013e+007
96	2665.7	59.7	66.3	51.2	3.894e+009	3.509e+001	3.02	1.249e-002	3.450e+001	1.294e-002	3.375e+001	1.266e-002	1.401e-003	3.580e+001	1.343e-002	2.422e-003	28.66	2.231e+000	55.75	5.555e+001	2.084e-002	6.583e-003	8.190e+007
97	4433.4	78.4	93.9	60.1	3.623e+009	5.433e+001	2.92	1.223e-002	5.530e+001	1.247e-002	5.520e+001	1.245e-002	2.275e-003	5.660e+001	1.277e-002	3.897e-003	26.58	3.713e+000	51.92	8.480e+001	1.913e-002	9.519e-003	7.124e+007
98	3215.5	64.6	68.6	59.6	4.248e+009	4.624e+001	2.69	1.233e-002	4.110e+001	1.278e-002	4.095e+001	1.274e-002	1.688e-003	4.220e+001	1.312e-002	2.919e-003	24.01	3.028e+000	47.06	6.100e+001	1.897e-002	6.272e-003	6.478e+007
99	4302.7	76.2	88.9	61.6	4.181e+009	6.063e+001	2.71	1.204e-002	5.472e+001	1.272e-002	5.520e+001	1.283e-002	2.254e-003	5.745e+001	1.335e-002	3.883e-003	23.28	3.844e+000	45.27	7.990e+001	1.857e-002	7.981e-003	6.134e+007
100	5844.5	86.5	91.3	81.6	3.765e+009	7.461e+001	3.19	1.209e-002	7.175e+001	1.228e-002	7.230e+001	1.237e-002	2.890e-003	7.310e+001	1.251e-002	5.051e-003	24.38	4.881e+000	47.27	1.036e+002	1.772e-002	1.078e-002	6.135e+007
Min:	2046.9	51.0	55.7	41.8	3.412e+009	2.585e+001	2.02	1.008e-002	2.576e+001	1.133e-002	2.550e+001	1.155e-002	1.065e-003	2.705e+001	1.220e-002	1.827e-003	10.55	4.078e-001	20.61	3.310e+001	1.345e-002	1.848e-003	2.558e+007
Max:	6157.7	91.6	110.7	81.6	4.731e+009	7.786e+001	4.14	1.491e-002	7.727e+001	1.508e-002	7.775e+001	1.500e-002	3.136e-003	8.075e+001	1.548e-002	5.435e-003	31.15	5.885e+000	61.01	1.181e+002	2.264e-002	1.329e-002	9.496e+007
Median:	3834.8	71.6	83.5	58.2	4.037e+009	5.218e+001	2.91	1.245e-002	4.874e+001	1.293e-002	4.825e+001	1.283e-002	1.995e-003	5.075e+001	1.346e-002	3.440e-003	0.00	3.265e+000	49.28	0.000e+000	1.946e-002	7.933e-003	7.017e+007
Mean:	3836.7	71.9	83.8	57.7	4.046e+009	5.205e+001	2.92	1.247e-002	4.939e+001	1.291e-002	4.919e+001	1.285e-002	2.015e-003	5.145e+001	1.345e-002	3.502e-003	25.08	3.183e+000	48.68	7.341e+001	1.922e-002	7.912e-003	6.847e+007
Std. Dev.:	936.9	9.4	13.4	6.9	2.768e+008	1.206e+001	0.24	6.325e-004	1.147e+001	5.637e-004	1.160e+001	5.706e-004	4.684e-004	1.164e+001	6.097e-004	8.055e-004	3.53	9.613e-001	6.89	1.806e+001	1.979e-003	2.292e-003	1.282e+007
% Premature Failure:	0.00
