Three Phase Analysis Version 6.0
Source File: D:\20241209$IHNY$25pk30 phosctrl$25pk30 0.01$25pk30 0.03$25pk30 0.05.uvc
RECORD	CROSS-SECTIONAL AREA	MEAN DIAMETER	MAX DIAMETER	MIN DIAMETER	ELASTIC EMOD	ELASTIC GRADIENT	ELASTIC EXT	ELASTIC STRESS	PLATEAU LOAD	PLATEAU STRESS	LOAD 15%	STRESS 15%	WORK 15%	LOAD 25%	STRESS 25%	WORK 25%	YIELD EXT	POSTYIELD GRADIENT	BREAK EXT	BREAK LOAD	BREAK STRESS	TOTAL WORK	TOUGHNESS
	  sq. microns	Microns	Microns	Microns	Pascals	gmf/mm	% Strain	gmf/sq micron	gmf	gmf/sq micron	gmf	gmf/sq micron	Joules	gmf	gmf/sq micron	Joules	% Strain	gmf/mm	% Strain	gmf	gmf/sq micron	Joules	Joules/m3
1	3986.6	75.5	93.7	54.2	3.889e+009	5.205e+001	2.93	1.207e-002	4.923e+001	1.235e-002	4.840e+001	1.214e-002	2.012e-003	4.985e+001	1.250e-002	3.477e-003	27.80	2.555e+000	53.56	6.840e+001	1.716e-002	8.375e-003	6.920e+007
2	3490.9	66.5	73.7	60.3	4.006e+009	4.741e+001	3.09	1.270e-002	4.446e+001	1.274e-002	4.355e+001	1.248e-002	1.796e-003	4.535e+001	1.299e-002	3.122e-003	26.87	2.849e+000	52.51	6.760e+001	1.936e-002	7.714e-003	7.348e+007
3	2401.4	58.4	69.5	44.0	4.290e+009	3.446e+001	2.69	1.266e-002	3.148e+001	1.311e-002	3.145e+001	1.310e-002	1.290e-003	3.260e+001	1.358e-002	2.247e-003	28.09	2.011e+000	54.51	4.765e+001	1.984e-002	5.741e-003	7.845e+007
4	6132.4	93.0	112.8	69.3	4.077e+009	8.427e+001	3.11	1.303e-002	8.017e+001	1.307e-002	7.935e+001	1.294e-002	3.266e-003	8.215e+001	1.340e-002	5.664e-003	21.92	4.585e+000	41.96	1.053e+002	1.717e-002	1.031e-002	5.560e+007
5	3513.1	71.0	85.0	52.7	4.321e+009	5.148e+001	2.99	1.301e-002	4.610e+001	1.312e-002	4.540e+001	1.292e-002	1.880e-003	4.750e+001	1.352e-002	3.250e-003	25.98	2.650e+000	50.60	6.605e+001	1.880e-002	7.473e-003	7.076e+007
6	3900.5	70.1	76.1	65.3	3.635e+009	4.804e+001	2.96	1.206e-002	4.950e+001	1.269e-002	4.885e+001	1.252e-002	2.000e-003	5.195e+001	1.332e-002	3.488e-003	25.53	3.604e+000	49.97	7.810e+001	2.002e-002	8.282e-003	7.059e+007
7
8	3424.2	72.2	87.7	49.7	4.766e+009	5.510e+001	2.78	1.390e-002	4.829e+001	1.410e-002	4.765e+001	1.392e-002	1.976e-003	4.990e+001	1.457e-002	3.418e-003	25.64	3.321e+000	49.95	7.315e+001	2.136e-002	7.964e-003	7.704e+007
9	3521.3	67.4	71.8	62.4	3.859e+009	4.572e+001	3.00	1.230e-002	4.520e+001	1.283e-002	4.460e+001	1.267e-002	1.832e-003	4.735e+001	1.345e-002	3.192e-003	27.85	2.869e+000	54.03	7.020e+001	1.994e-002	8.221e-003	7.705e+007
10	2213.6	54.1	60.9	46.3	3.999e+009	3.000e+001	2.69	1.258e-002	2.935e+001	1.326e-002	2.945e+001	1.330e-002	1.197e-003	2.990e+001	1.351e-002	2.078e-003	26.46	1.725e+000	52.26	4.290e+001	1.938e-002	4.983e-003	7.484e+007
11	4267.9	82.1	101.8	53.4	3.994e+009	5.752e+001	3.08	1.307e-002	5.679e+001	1.331e-002							6.39	1.045e+000	10.66	5.625e+001	1.318e-002	1.574e-003	1.221e+007
12	4345.5	77.7	90.4	61.2	3.505e+009	5.113e+001	3.19	1.244e-002	5.485e+001	1.262e-002	5.450e+001	1.254e-002	2.224e-003	5.575e+001	1.283e-002	3.877e-003	27.60	2.951e+000	52.96	7.635e+001	1.757e-002	9.329e-003	7.071e+007
13	3293.5	68.3	83.1	50.5	4.434e+009	4.899e+001	2.86	1.336e-002	4.470e+001	1.357e-002							3.13	5.875e+000	3.52	4.600e+001	1.397e-002	3.207e-004	3.205e+006
14	3019.7	67.0	81.2	47.4	4.607e+009	4.713e+001	2.89	1.366e-002	4.229e+001	1.401e-002	4.215e+001	1.396e-002	1.733e-003	4.340e+001	1.437e-002	2.981e-003	24.86	2.488e+000	48.72	5.880e+001	1.947e-002	6.492e-003	7.144e+007
15	2411.9	56.4	62.5	49.2	4.045e+009	3.304e+001	3.12	1.300e-002	3.246e+001	1.346e-002	3.260e+001	1.352e-002	1.331e-003	3.380e+001	1.401e-002	2.294e-003	18.04	1.076e+000	34.72	3.910e+001	1.621e-002	3.313e-003	4.563e+007
16	3015.1	61.7	65.3	58.8	3.979e+009	4.025e+001	2.76	1.192e-002	3.657e+001	1.213e-002	3.685e+001	1.222e-002	1.510e-003	3.730e+001	1.237e-002	2.619e-003	19.06	6.149e-001	36.73	4.125e+001	1.368e-002	3.963e-003	4.326e+007
17	4320.6	75.5	84.1	65.4	3.773e+009	5.527e+001	3.13	1.283e-002	5.683e+001	1.315e-002	5.680e+001	1.315e-002	2.297e-003	5.985e+001	1.385e-002	4.020e-003	20.16	2.442e+000	38.79	7.190e+001	1.664e-002	6.600e-003	5.082e+007
18	3192.4	66.3	78.2	52.0	4.243e+009	4.591e+001	2.99	1.327e-002	4.325e+001	1.355e-002	4.335e+001	1.358e-002	1.756e-003	4.455e+001	1.395e-002	3.054e-003	26.70	2.842e+000	52.31	6.545e+001	2.050e-002	7.455e-003	7.766e+007
19	3159.5	64.6	73.1	55.0	4.191e+009	4.490e+001	2.76	1.222e-002	3.977e+001	1.259e-002	4.010e+001	1.269e-002	1.635e-003	4.085e+001	1.293e-002	2.838e-003	18.40	1.020e+000	35.86	4.645e+001	1.470e-002	4.187e-003	4.409e+007
20	5397.0	83.0	87.2	78.7	3.676e+009	6.657e+001	3.26	1.257e-002	6.804e+001	1.261e-002	6.740e+001	1.249e-002	2.770e-003	7.185e+001	1.331e-002	4.833e-003	15.80	1.901e+000	29.43	7.510e+001	1.392e-002	5.800e-003	3.538e+007
21	3362.5	66.6	75.4	56.8	4.301e+009	4.878e+001	2.68	1.228e-002	4.416e+001	1.313e-002	4.345e+001	1.292e-002	1.793e-003	4.645e+001	1.381e-002	3.127e-003	26.84	2.981e+000	52.71	7.095e+001	2.110e-002	7.977e-003	7.850e+007
22	4033.8	73.3	84.4	60.9	3.735e+009	5.079e+001	3.34	1.321e-002	5.383e+001	1.335e-002	5.305e+001	1.315e-002	2.198e-003	5.480e+001	1.359e-002	3.768e-003	27.71	3.607e+000	53.37	8.420e+001	2.087e-002	9.651e-003	7.912e+007
23	4933.7	81.5	96.9	64.8	4.063e+009	6.796e+001	2.96	1.271e-002	6.488e+001	1.315e-002	6.425e+001	1.302e-002	2.617e-003	6.760e+001	1.370e-002	4.567e-003	26.31	4.140e+000	51.51	9.850e+001	1.996e-002	1.107e-002	7.460e+007
24	4354.5	74.7	81.5	68.0	4.538e+009	6.705e+001	2.76	1.304e-002	6.065e+001	1.393e-002	6.150e+001	1.412e-002	2.447e-003	6.310e+001	1.449e-002	4.290e-003	25.30	4.005e+000	49.77	8.975e+001	2.061e-002	9.826e-003	7.512e+007
25	6419.7	93.8	109.5	74.6	4.054e+009	8.698e+001	3.02	1.295e-002	8.457e+001	1.317e-002	8.335e+001	1.298e-002	3.489e-003	8.585e+001	1.337e-002	5.999e-003	30.30	4.672e+000	58.39	1.305e+002	2.032e-002	1.682e-002	8.589e+007
26	4694.2	90.4	115.1	52.0	4.319e+009	6.893e+001	3.64	1.354e-002	6.600e+001	1.406e-002	6.560e+001	1.397e-002	2.532e-003	6.750e+001	1.438e-002	4.501e-003	24.95	3.881e+000	47.70	9.160e+001	1.951e-002	9.730e-003	6.914e+007
27	3021.5	63.7	72.3	53.3	4.236e+009	4.314e+001	2.84	1.292e-002	3.976e+001	1.316e-002	3.990e+001	1.321e-002	1.644e-003	4.135e+001	1.369e-002	2.822e-003	24.24	2.380e+000	47.22	5.570e+001	1.843e-002	5.981e-003	6.546e+007
28	4464.5	76.4	84.5	67.3	3.616e+009	5.427e+001	3.07	1.238e-002	5.581e+001	1.250e-002	5.430e+001	1.216e-002	2.282e-003	5.605e+001	1.255e-002	3.926e-003	30.44	3.093e+000	59.14	8.695e+001	1.948e-002	1.118e-002	8.257e+007
29	3800.8	76.1	94.8	51.0	4.096e+009	5.285e+001	2.86	1.297e-002	4.971e+001	1.308e-002	4.920e+001	1.294e-002	2.023e-003	5.030e+001	1.323e-002	3.499e-003	27.67	2.884e+000	54.25	7.270e+001	1.913e-002	8.738e-003	7.656e+007
30	4284.1	77.4	92.8	58.8	4.292e+009	6.225e+001	2.86	1.277e-002	5.660e+001	1.321e-002	5.545e+001	1.294e-002	2.306e-003	5.885e+001	1.374e-002	3.991e-003	27.70	3.705e+000	54.27	9.055e+001	2.114e-002	1.047e-002	8.119e+007
31	4175.2	73.8	84.5	62.9	4.149e+009	5.837e+001	2.98	1.292e-002	5.552e+001	1.330e-002	5.570e+001	1.334e-002	2.255e-003	5.790e+001	1.387e-002	3.935e-003	23.47	4.087e+000	45.45	8.175e+001	1.958e-002	8.160e-003	6.460e+007
32	2625.3	58.4	62.8	53.2	4.702e+009	4.135e+001	2.46	1.265e-002	3.693e+001	1.407e-002	3.735e+001	1.423e-002	1.516e-003	3.965e+001	1.510e-002	2.659e-003	22.91	2.648e+000	44.56	5.340e+001	2.034e-002	5.386e-003	6.742e+007
33	3298.6	65.5	69.0	60.8	4.098e+009	4.520e+001	2.79	1.240e-002	4.209e+001	1.276e-002	4.120e+001	1.249e-002	1.731e-003	4.355e+001	1.320e-002	2.982e-003	27.85	1.810e+000	54.07	5.850e+001	1.773e-002	7.386e-003	7.346e+007
34	2310.3	56.3	64.5	45.6	4.307e+009	3.369e+001	2.72	1.251e-002	2.927e+001	1.267e-002	2.880e+001	1.247e-002	1.213e-003	2.950e+001	1.277e-002	2.076e-003	29.43	1.627e+000	58.12	4.420e+001	1.913e-002	5.662e-003	8.140e+007
35	2622.7	63.2	75.2	44.4	4.221e+009	3.715e+001	3.00	1.342e-002	3.505e+001	1.336e-002	3.420e+001	1.304e-002	1.446e-003	3.530e+001	1.346e-002	2.479e-003	29.62	2.042e+000	57.27	5.375e+001	2.049e-002	6.778e-003	8.507e+007
36	4196.9	73.8	77.4	69.0	3.908e+009	5.534e+001	2.62	1.123e-002	5.266e+001	1.255e-002	5.380e+001	1.282e-002	2.078e-003	5.720e+001	1.363e-002	3.773e-003	24.00	3.225e+000	46.97	7.750e+001	1.847e-002	8.058e-003	6.355e+007
37	4246.2	79.5	96.7	55.9	4.259e+009	6.092e+001	2.91	1.313e-002	5.677e+001	1.337e-002	5.600e+001	1.319e-002	2.350e-003	5.840e+001	1.375e-002	4.041e-003	21.84	3.714e+000	42.10	7.800e+001	1.837e-002	7.445e-003	5.794e+007
38	2589.2	58.9	66.8	49.3	4.003e+009	3.493e+001	2.98	1.302e-002	3.481e+001	1.344e-002	3.460e+001	1.336e-002	1.417e-003	3.615e+001	1.396e-002	2.462e-003	24.44	2.506e+000	47.42	5.190e+001	2.005e-002	5.383e-003	6.875e+007
39	2729.7	62.3	73.5	47.3	3.951e+009	3.639e+001	3.08	1.310e-002	3.638e+001	1.333e-002	3.615e+001	1.324e-002	1.487e-003	3.705e+001	1.357e-002	2.576e-003	27.84	2.187e+000	54.12	5.380e+001	1.971e-002	6.444e-003	7.815e+007
40	2980.4	65.9	80.7	47.0	4.699e+009	4.744e+001	2.66	1.310e-002	4.159e+001	1.395e-002	4.165e+001	1.397e-002	1.720e-003	4.385e+001	1.471e-002	2.957e-003	20.60	2.934e+000	40.58	5.865e+001	1.968e-002	5.287e-003	5.896e+007
41	4129.4	75.8	94.2	55.7	4.381e+009	6.123e+001	2.82	1.259e-002	5.399e+001	1.307e-002	5.430e+001	1.315e-002	2.212e-003	5.735e+001	1.389e-002	3.862e-003	19.52	3.104e+000	37.92	7.155e+001	1.733e-002	6.261e-003	5.034e+007
42	4099.3	73.1	81.0	64.4	3.458e+009	4.783e+001	3.21	1.187e-002	5.058e+001	1.234e-002	5.015e+001	1.223e-002	2.043e-003	5.300e+001	1.293e-002	3.578e-003	25.16	3.261e+000	48.33	7.390e+001	1.803e-002	7.889e-003	6.370e+007
43	3358.5	66.3	75.3	56.8	3.791e+009	4.312e+001	3.22	1.276e-002	4.410e+001	1.313e-002	4.285e+001	1.276e-002	1.776e-003	4.550e+001	1.355e-002	3.056e-003	29.27	2.980e+000	57.01	7.360e+001	2.191e-002	8.736e-003	8.642e+007
44	5573.2	87.7	101.6	69.8	4.603e+009	8.629e+001	1.65	8.092e-003	4.605e+001	8.263e-003							1.75	5.083e+001	1.95	5.005e+001	8.981e-003	1.629e-004	9.646e+005
45	3320.0	66.7	76.1	55.5	4.322e+009	4.762e+001	2.83	1.331e-002	4.568e+001	1.376e-002	4.595e+001	1.384e-002	1.918e-003	4.695e+001	1.414e-002	3.289e-003	24.06	3.028e+000	45.91	6.445e+001	1.941e-002	6.761e-003	6.631e+007
46	2903.9	61.2	65.9	56.1	4.156e+009	4.086e+001	2.19	9.969e-003	3.324e+001	1.145e-002	3.580e+001	1.233e-002	1.365e-003	3.615e+001	1.245e-002	2.436e-003	19.16	7.504e-001	38.56	4.145e+001	1.427e-002	3.926e-003	4.490e+007
47	5209.7	83.0	91.4	72.2	4.733e+009	8.311e+001	2.18	1.068e-002	6.855e+001	1.316e-002	7.270e+001	1.395e-002	2.789e-003	7.540e+001	1.447e-002	4.980e-003	20.01	3.272e+000	39.88	9.305e+001	1.786e-002	8.596e-003	5.456e+007
48	3733.0	70.9	81.4	58.4	4.250e+009	5.354e+001	2.85	1.335e-002	5.065e+001	1.357e-002	4.995e+001	1.338e-002	2.092e-003	5.275e+001	1.413e-002	3.608e-003	23.80	3.619e+000	46.38	7.475e+001	2.002e-002	7.629e-003	6.764e+007
49	5443.8	85.4	99.1	70.0	3.571e+009	6.522e+001	3.29	1.243e-002	7.000e+001	1.286e-002	6.925e+001	1.272e-002	2.838e-003	7.195e+001	1.322e-002	4.933e-003	25.41	4.707e+000	48.45	1.032e+002	1.895e-002	1.100e-002	6.650e+007
50	4760.8	78.3	88.4	68.5	4.351e+009	7.006e+001	2.85	1.274e-002	6.146e+001	1.291e-002	6.040e+001	1.269e-002	2.517e-003	6.285e+001	1.320e-002	4.313e-003	29.50	3.310e+000	57.96	9.145e+001	1.921e-002	1.179e-002	8.216e+007
51	3769.1	70.0	78.1	61.5	3.715e+009	4.728e+001	3.15	1.256e-002	4.796e+001	1.272e-002	4.675e+001	1.240e-002	1.935e-003	4.885e+001	1.296e-002	3.349e-003	30.44	2.826e+000	59.22	7.580e+001	2.011e-002	9.675e-003	8.503e+007
52	4918.4	80.2	89.2	70.2	3.492e+009	5.812e+001	3.29	1.241e-002	6.362e+001	1.294e-002	6.305e+001	1.282e-002	2.560e-003	6.605e+001	1.343e-002	4.462e-003	25.96	4.492e+000	49.97	9.725e+001	1.977e-002	1.042e-002	7.037e+007
53	4149.0	76.7	94.5	55.9	3.592e+009	5.054e+001	3.13	1.282e-002	5.279e+001	1.272e-002	5.200e+001	1.253e-002	2.157e-003	5.410e+001	1.304e-002	3.723e-003	21.69	3.065e+000	41.88	6.930e+001	1.670e-002	6.752e-003	5.414e+007
54	3085.4	63.6	72.9	54.0	3.673e+009	3.833e+001	3.25	1.319e-002	4.025e+001	1.304e-002	3.990e+001	1.293e-002	1.635e-003	4.125e+001	1.337e-002	2.834e-003	24.89	2.588e+000	47.96	5.740e+001	1.860e-002	6.136e-003	6.600e+007
55	4406.3	76.5	90.5	62.0	4.226e+009	6.314e+001	2.79	1.208e-002	5.543e+001	1.258e-002	5.505e+001	1.249e-002	2.265e-003	5.680e+001	1.289e-002	3.923e-003	25.58	3.810e+000	50.23	8.345e+001	1.894e-002	9.085e-003	6.859e+007
56	3887.7	76.8	96.7	51.3	3.962e+009	5.210e+001	2.89	1.330e-002	5.311e+001	1.366e-002	5.210e+001	1.340e-002	2.169e-003	5.445e+001	1.401e-002	3.746e-003	27.02	3.393e+000	52.77	7.950e+001	2.045e-002	9.197e-003	7.851e+007
57	3953.2	70.9	78.3	64.3	3.827e+009	5.112e+001	3.22	1.346e-002	5.466e+001	1.383e-002	5.485e+001	1.387e-002	2.215e-003	5.670e+001	1.434e-002	3.860e-003	24.16	3.483e+000	46.57	7.785e+001	1.969e-002	8.097e-003	6.789e+007
58	5200.6	87.9	107.0	61.9	4.596e+009	8.100e+001	2.69	1.257e-002	7.172e+001	1.379e-002	7.295e+001	1.403e-002	2.898e-003	7.685e+001	1.478e-002	5.108e-003	21.04	5.549e+000	41.22	1.054e+002	2.027e-002	9.409e-003	6.015e+007
59	4458.2	78.1	90.6	62.8	3.823e+009	5.759e+001	2.98	1.235e-002	5.730e+001	1.285e-002	5.690e+001	1.276e-002	2.338e-003				9.84	1.065e-001	18.36	5.710e+001	1.281e-002	2.894e-003	2.151e+007
60
61	4034.9	72.9	82.2	62.5	4.358e+009	5.919e+001	2.84	1.318e-002	5.449e+001	1.350e-002	5.400e+001	1.338e-002	2.234e-003	5.590e+001	1.385e-002	3.863e-003	27.18	3.176e+000	52.97	7.990e+001	1.980e-002	9.433e-003	7.720e+007
62	3503.2	67.6	76.1	58.6	4.051e+009	4.809e+001	2.96	1.245e-002	4.623e+001	1.320e-002	4.500e+001	1.285e-002	1.835e-003	4.810e+001	1.373e-002	3.213e-003	28.99	3.023e+000	56.72	7.675e+001	2.191e-002	9.099e-003	8.635e+007
63	2762.4	60.0	66.6	52.7	4.165e+009	3.896e+001	2.76	1.272e-002	3.746e+001	1.356e-002	3.835e+001	1.388e-002	1.535e-003	3.975e+001	1.439e-002	2.676e-003	19.20	1.925e+000	37.61	4.950e+001	1.792e-002	4.305e-003	5.178e+007
64	3722.9	72.2	85.2	55.6	4.163e+009	5.243e+001	3.02	1.308e-002	4.963e+001	1.333e-002	4.920e+001	1.322e-002	2.019e-003	5.085e+001	1.366e-002	3.500e-003	25.12	3.347e+000	48.76	7.260e+001	1.950e-002	7.788e-003	6.943e+007
65	3737.9	72.2	83.6	57.0	3.688e+009	4.662e+001	3.58	1.277e-002	4.939e+001	1.321e-002	4.915e+001	1.315e-002	1.963e-003	5.210e+001	1.394e-002	3.424e-003	20.40	3.451e+000	38.39	6.770e+001	1.811e-002	5.762e-003	5.114e+007
66	4788.2	81.4	96.9	62.9	3.841e+009	6.234e+001	3.09	1.284e-002	6.323e+001	1.321e-002	6.335e+001	1.323e-002	2.547e-003	6.485e+001	1.354e-002	4.446e-003	22.61	4.029e+000	43.96	8.685e+001	1.814e-002	8.594e-003	5.969e+007
67	4338.4	78.3	96.9	57.0	3.931e+009	5.758e+001	3.28	1.320e-002	5.910e+001	1.362e-002	5.905e+001	1.361e-002	2.362e-003	6.140e+001	1.415e-002	4.138e-003	24.45	3.869e+000	46.87	8.480e+001	1.955e-002	8.808e-003	6.725e+007
68	5788.1	90.2	107.1	68.8	3.543e+009	6.944e+001	3.22	1.202e-002			6.930e+001	1.197e-002	2.877e-003	7.290e+001	1.259e-002	4.934e-003							
69	4376.8	75.4	86.0	64.8	3.540e+009	5.242e+001	3.12	1.242e-002	5.811e+001	1.328e-002	5.810e+001	1.327e-002	2.318e-003	6.105e+001	1.395e-002	4.075e-003	26.05	4.658e+000	50.65	9.455e+001	2.160e-002	9.949e-003	7.544e+007
70	2961.0	60.7	65.0	58.0	4.063e+009	4.047e+001	2.77	1.228e-002	3.675e+001	1.241e-002	3.605e+001	1.218e-002	1.534e-003	3.685e+001	1.245e-002	2.619e-003	31.12	1.915e+000	60.96	5.670e+001	1.915e-002	7.638e-003	8.514e+007
71	2795.9	62.0	71.4	49.9	3.972e+009	3.741e+001	2.91	1.291e-002	3.753e+001	1.342e-002							3.93	-3.601e+000	5.29	3.700e+001	1.323e-002	4.626e-004	5.468e+006
72	3006.6	64.9	77.6	49.4	4.619e+009	4.700e+001	2.82	1.390e-002	4.373e+001	1.454e-002	4.340e+001	1.443e-002	1.785e-003	4.540e+001	1.510e-002	3.101e-003	24.40	3.221e+000	47.84	6.630e+001	2.205e-002	6.854e-003	7.569e+007
73	4806.3	85.4	103.1	59.3	3.534e+009	5.722e+001	3.30	1.313e-002	6.386e+001	1.329e-002	6.350e+001	1.321e-002	2.604e-003	6.495e+001	1.351e-002	4.514e-003	23.96	4.123e+000	45.77	8.805e+001	1.832e-002	9.202e-003	6.327e+007
74	3436.5	67.8	79.7	55.0	3.985e+009	4.642e+001	3.23	1.312e-002	4.521e+001	1.316e-002	4.430e+001	1.289e-002	1.825e-003	4.560e+001	1.327e-002	3.159e-003	30.40	2.649e+000	59.29	7.255e+001	2.111e-002	9.192e-003	8.895e+007
75	5018.0	84.8	101.7	62.8	3.619e+009	6.137e+001	3.38	1.300e-002	6.669e+001	1.329e-002	6.555e+001	1.306e-002	2.658e-003	7.085e+001	1.412e-002	4.666e-003	27.12	4.418e+000	52.06	1.034e+002	2.061e-002	1.158e-002	7.653e+007
76	4725.4	80.8	94.5	63.6	4.249e+009	6.759e+001	2.71	1.241e-002	6.218e+001	1.316e-002	6.225e+001	1.317e-002	2.522e-003	6.600e+001	1.397e-002	4.423e-003	25.23	3.649e+000	49.14	9.085e+001	1.923e-002	9.942e-003	6.948e+007
77	2662.6	58.8	63.8	53.1	4.322e+009	3.830e+001	2.32	1.084e-002	3.269e+001	1.228e-002	3.385e+001	1.271e-002	1.305e-003	3.850e+001	1.446e-002	2.396e-003	22.89	1.789e+000	44.40	4.915e+001	1.846e-002	4.889e-003	5.994e+007
78	3905.6	72.3	81.2	61.4	4.191e+009	5.486e+001	2.93	1.280e-002	5.185e+001	1.328e-002	5.110e+001	1.308e-002	2.127e-003	5.355e+001	1.371e-002	3.684e-003	27.26	3.519e+000	52.78	8.115e+001	2.078e-002	9.292e-003	7.823e+007
79	8527.6	109.9	131.6	82.6	3.581e+009	1.030e+002	3.34	1.290e-002	1.116e+002	1.309e-002	1.094e+002	1.283e-002	4.532e-003	1.150e+002	1.348e-002	7.844e-003	26.94	7.754e+000	51.64	1.735e+002	2.035e-002	1.922e-002	7.460e+007
80	5325.7	87.3	102.5	66.2	4.007e+009	7.255e+001	4.64	1.321e-002	7.093e+001	1.332e-002	7.020e+001	1.318e-002	2.557e-003	7.170e+001	1.346e-002	4.662e-003	27.65	4.018e+000	51.60	9.770e+001	1.835e-002	1.115e-002	6.981e+007
81	2929.8	61.9	67.2	55.5	4.326e+009	4.226e+001	2.49	1.176e-002	3.535e+001	1.206e-002	3.525e+001	1.203e-002	1.481e-003	3.685e+001	1.258e-002	2.562e-003	25.78	2.190e+000	50.02	5.165e+001	1.763e-002	5.813e-003	6.490e+007
82	4000.5	71.7	77.3	65.9	3.612e+009	4.796e+001	3.29	1.246e-002	5.061e+001	1.265e-002	4.960e+001	1.240e-002	2.069e-003	5.115e+001	1.279e-002	3.559e-003	32.79	2.462e+000	62.98	7.945e+001	1.986e-002	1.111e-002	9.039e+007
83	4629.3	80.4	95.2	61.9	4.079e+009	6.396e+001	3.16	1.292e-002	5.948e+001	1.285e-002	5.905e+001	1.276e-002	2.450e-003	6.080e+001	1.313e-002	4.185e-003	21.77	3.211e+000	41.94	7.740e+001	1.672e-002	7.567e-003	5.433e+007
84	5561.3	86.3	102.0	69.4	3.621e+009	6.805e+001	3.25	1.252e-002	7.166e+001	1.288e-002	7.145e+001	1.285e-002	2.892e-003	7.420e+001	1.334e-002	5.054e-003	23.81	4.968e+000	45.66	1.039e+002	1.867e-002	1.042e-002	6.209e+007
85	3633.0	68.3	77.4	59.8	4.158e+009	5.097e+001	2.75	1.217e-002	4.623e+001	1.272e-002	4.595e+001	1.265e-002	1.919e-003	4.810e+001	1.324e-002	3.313e-003	17.44	1.878e+000	33.70	5.615e+001	1.546e-002	4.607e-003	4.198e+007
86	2733.5	60.1	68.0	51.1	3.989e+009	3.675e+001	3.11	1.337e-002	3.627e+001	1.327e-002	3.560e+001	1.302e-002	1.486e-003	3.725e+001	1.363e-002	2.562e-003	25.03	2.337e+000	48.18	5.210e+001	1.906e-002	5.608e-003	6.784e+007
87	2795.5	62.1	76.6	46.4	4.824e+009	4.561e+001	2.65	1.338e-002	3.870e+001	1.384e-002							4.25	1.134e+000	6.20	3.790e+001	1.356e-002	5.820e-004	6.908e+006
88	6229.9	95.7	116.9	67.9	3.651e+009	7.636e+001	3.23	1.250e-002	7.967e+001	1.279e-002	7.845e+001	1.259e-002	3.233e-003	8.220e+001	1.319e-002	5.622e-003	26.45	5.321e+000	50.66	1.188e+002	1.906e-002	1.322e-002	6.988e+007
89	3603.3	69.6	80.8	56.8	3.915e+009	4.743e+001	3.20	1.328e-002	4.935e+001	1.370e-002	4.850e+001	1.346e-002	1.995e-003	5.095e+001	1.414e-002	3.467e-003	28.53	3.245e+000	55.08	7.765e+001	2.155e-002	9.194e-003	8.416e+007
90	4685.3	78.0	85.3	70.0	3.406e+009	5.380e+001	3.34	1.198e-002	5.665e+001	1.209e-002	5.570e+001	1.189e-002	2.303e-003	5.760e+001	1.229e-002	3.954e-003	28.11	3.162e+000	53.97	8.195e+001	1.749e-002	9.886e-003	6.977e+007
91	3491.6	68.2	75.3	59.0	3.739e+009	4.408e+001	3.01	1.254e-002	4.398e+001	1.260e-002	4.295e+001	1.230e-002	1.787e-003	4.440e+001	1.272e-002	3.078e-003	30.44	2.525e+000	59.42	6.980e+001	1.999e-002	8.934e-003	8.475e+007
92	4264.0	81.0	101.0	53.8	4.047e+009	5.786e+001	3.06	1.296e-002	5.604e+001	1.314e-002	5.545e+001	1.300e-002	2.311e-003	1.500e-001	3.518e-005	3.977e-003	13.42	6.739e-001	24.93	5.785e+001	1.357e-002	3.960e-003	3.055e+007
93	3550.5	69.5	79.4	57.1	4.195e+009	5.010e+001	2.77	1.242e-002	4.641e+001	1.307e-002	4.580e+001	1.290e-002	1.885e-003	4.865e+001	1.370e-002	3.307e-003	26.70	3.003e+000	52.11	7.005e+001	1.973e-002	8.017e-003	7.453e+007
94	4094.8	74.8	85.7	60.8	3.704e+009	5.099e+001	2.97	1.271e-002	5.285e+001	1.291e-002	5.200e+001	1.270e-002	2.175e-003	5.500e+001	1.343e-002	3.768e-003	24.31	3.680e+000	46.83	7.830e+001	1.912e-002	8.079e-003	6.507e+007
95	5815.8	89.7	105.9	70.0	3.648e+009	7.133e+001	3.23	1.201e-002	7.232e+001	1.243e-002	7.180e+001	1.235e-002	2.904e-003	7.540e+001	1.296e-002	5.085e-003	26.45	5.248e+000	50.66	1.135e+002	1.952e-002	1.228e-002	6.964e+007
96	2614.2	60.9	75.2	44.2	3.948e+009	3.488e+001	3.25	1.312e-002	3.522e+001	1.347e-002	3.550e+001	1.358e-002	1.425e-003	3.645e+001	1.394e-002	2.491e-003	18.40	1.240e+000	35.01	4.275e+001	1.635e-002	3.618e-003	4.589e+007
97	4053.8	75.9	88.9	58.0	3.855e+009	5.250e+001	3.16	1.320e-002	5.267e+001	1.299e-002	5.125e+001	1.264e-002	2.173e-003	5.395e+001	1.331e-002	3.712e-003	27.88	3.264e+000	53.86	7.860e+001	1.939e-002	9.344e-003	7.597e+007
98	3321.1	67.4	79.9	52.9	4.019e+009	4.512e+001	2.72	1.213e-002	4.342e+001	1.307e-002	4.450e+001	1.340e-002	1.771e-003	4.540e+001	1.367e-002	3.079e-003	21.33	2.383e+000	41.66	5.780e+001	1.740e-002	5.564e-003	5.557e+007
99	3699.9	72.8	88.3	53.3	4.432e+009	5.524e+001	2.91	1.339e-002	4.990e+001	1.349e-002	4.955e+001	1.339e-002	2.058e-003	5.055e+001	1.366e-002	3.546e-003	26.87	3.098e+000	52.12	7.325e+001	1.980e-002	8.494e-003	7.587e+007
100	5371.0	87.5	105.7	64.7	3.079e+009	5.563e+001	2.21	7.373e-003	4.076e+001	7.589e-003							3.17	1.889e+000	4.39	4.045e+001	7.531e-003	4.099e-004	2.519e+006
Min:	2213.6	54.1	60.9	44.0	3.079e+009	3.000e+001	1.65	7.373e-003	2.927e+001	7.589e-003	2.880e+001	1.189e-002	1.197e-003	1.500e-001	3.518e-005	2.076e-003	1.75	-3.601e+000	1.95	3.700e+001	7.531e-003	1.629e-004	9.646e+005
Max:	8527.6	109.9	131.6	82.6	4.824e+009	1.030e+002	4.64	1.390e-002	1.116e+002	1.454e-002	1.094e+002	1.443e-002	4.532e-003	1.150e+002	1.510e-002	7.844e-003	32.79	5.083e+001	62.98	1.735e+002	2.205e-002	1.922e-002	9.039e+007
Median:	3903.0	72.5	83.3	58.5	4.032e+009	5.131e+001	2.98	1.276e-002	4.971e+001	1.315e-002	4.978e+001	1.296e-002	2.064e-003	5.195e+001	1.355e-002	3.559e-003	25.23	3.065e+000	48.76	7.270e+001	1.921e-002	7.977e-003	6.920e+007
Mean:	3977.7	73.2	85.0	58.9	4.031e+009	5.363e+001	2.97	1.260e-002	5.130e+001	1.301e-002	5.163e+001	1.301e-002	2.111e-003	5.314e+001	1.342e-002	3.666e-003	23.57	3.470e+000	45.55	7.286e+001	1.845e-002	7.627e-003	6.394e+007
Std. Dev.:	1066.0	10.2	13.9	7.9	3.487e+008	1.335e+001	0.35	9.431e-004	1.346e+001	8.995e-004	1.355e+001	5.528e-004	5.484e-004	1.533e+001	1.543e-003	9.613e-004	6.43	5.054e+000	12.93	2.201e+001	2.617e-003	3.174e-003	2.004e+007
% Premature Failure:	7.22
