RECORD	MEAN AREA	ESTIMATED_LENGTH(*)	GRADIENT(*)	EMOD(*)(#)	DECRIMPING_WORK	EXTENSION_WORK	START_X(*)	START_Y	END_X(*)	END_Y	ANALYSIS_WORK	BREAK_STRAIN(*)(#)	BREAK_LOAD	TENSILE_STRENGTH
1	3044.1	3.0120e+001	6.386e-001	6.319e+009	0.000e+000	6.331e-003	2.324e-001	2.449e+001	8.632e-001	6.381e+001	2.616e-005	41.003	6.539e-001	2.148e+002
2	6142.8	3.0170e+001	1.016e+000	4.989e+009	4.734e-007	1.277e-002	2.320e-001	1.334e+001	8.286e-001	4.312e+001	3.195e-005	44.448	1.227e+000	1.997e+002
3	3684	3.0130e+001	6.458e-001	5.282e+009	2.943e-008	9.297e-003	2.655e-001	2.090e+001	8.297e-001	5.166e+001	2.275e-005	47.594	8.820e-001	2.394e+002
4	3522.9	3.0160e+001	7.034e-001	6.022e+009	0.000e+000	7.945e-003	2.653e-001	2.451e+001	8.621e-001	6.029e+001	2.676e-005	46.85	6.990e-001	1.984e+002
5	4033.5	3.0080e+001	7.269e-001	5.421e+009	2.281e-007	7.977e-003	2.660e-001	1.897e+001	8.311e-001	5.035e+001	2.408e-005	40.791	8.511e-001	2.110e+002
6	3800.1	3.0120e+001	6.939e-001	5.500e+009	0.000e+000	1.019e-002	2.324e-001	1.962e+001	8.300e-001	5.331e+001	2.507e-005	53.586	8.275e-001	2.178e+002
7	3878.9	3.0080e+001	7.280e-001	5.645e+009	2.379e-007	7.558e-003	2.660e-001	1.935e+001	8.311e-001	5.185e+001	2.343e-005	41.789	7.436e-001	1.917e+002
8	5588.5	3.0060e+001	1.007e+000	5.416e+009	1.717e-008	1.191e-002	2.329e-001	1.685e+001	8.317e-001	4.942e+001	3.359e-005	43.812	1.206e+000	2.158e+002
9	4003.5	3.0160e+001	7.469e-001	5.627e+009	0.000e+000	5.264e-003	2.653e-001	2.267e+001	8.621e-001	5.673e+001	2.858e-005	29.41	6.549e-001	1.636e+002
10	3750.8	3.0130e+001	6.832e-001	5.488e+009	2.551e-007	2.870e-003	2.323e-001	1.530e+001	8.961e-001	5.035e+001	2.461e-005	18.487	5.872e-001	1.565e+002
11	3237.4	3.0090e+001	5.576e-001	5.182e+009	1.472e-007	7.796e-003	2.326e-001	1.849e+001	8.641e-001	5.197e+001	2.165e-005	48.322	7.206e-001	2.226e+002
12	3057.9	3.0330e+001	5.809e-001	5.761e+009	1.962e-007	6.351e-003	2.308e-001	1.989e+001	8.902e-001	5.807e+001	2.430e-005	43.686	6.205e-001	2.029e+002
13	3141.5	3.0140e+001	5.696e-001	5.465e+009	9.811e-009	5.978e-003	2.654e-001	1.967e+001	8.626e-001	5.168e+001	2.062e-005	41.705	5.970e-001	1.900e+002
14	3250.5	3.0220e+001	5.718e-001	5.316e+009	6.205e-007	2.748e-003	2.647e-001	1.569e+001	8.273e-001	4.542e+001	1.703e-005	20.649	4.842e-001	1.489e+002
15	3463.5	3.0260e+001	6.966e-001	6.086e+009	9.811e-009	5.961e-003	2.644e-001	2.337e+001	8.592e-001	6.048e+001	2.599e-005	35.36	6.681e-001	1.929e+002
16	4180	3.0310e+001	7.532e-001	5.462e+009	1.938e-007	8.763e-003	2.969e-001	2.406e+001	8.908e-001	5.680e+001	3.110e-005	47.245	7.898e-001	1.889e+002
17	4066.7	3.0140e+001	6.698e-001	4.964e+009	8.339e-008	6.902e-003	2.654e-001	1.665e+001	8.626e-001	4.596e+001	2.314e-005	40.71	7.029e-001	1.728e+002
18	4173.8	3.0060e+001	7.399e-001	5.329e+009	1.275e-007	9.611e-003	2.329e-001	1.775e+001	8.317e-001	5.018e+001	2.564e-005	47.472	9.124e-001	2.186e+002
19	3743.9	2.9980e+001	9.412e-004	7.537e+006	0.000e+000	8.425e-003	2.001e-001	1.428e+001	8.005e-001	1.428e+001	9.521e-006	44.029	8.349e-001	2.230e+002
20	5013.9	3.0120e+001	8.399e-001	5.046e+009	3.826e-007	1.283e-002	2.324e-001	1.360e+001	8.632e-001	4.481e+001	2.851e-005	52.623	1.097e+000	2.189e+002
21	4466.6	2.9970e+001	7.608e-001	5.105e+009	9.345e-007	2.124e-003	2.002e-001	4.942e+000	8.342e-001	3.536e+001	1.594e-005	12.312	6.534e-001	1.463e+002
22	3713.5	3.0090e+001	6.241e-001	5.057e+009	1.815e-007	7.912e-003	2.326e-001	1.704e+001	8.641e-001	4.901e+001	2.348e-005	47.524	7.162e-001	1.929e+002
23	2533.2	3.0250e+001	4.796e-001	5.727e+009	0.000e+000	3.909e-003	2.645e-001	2.266e+001	8.926e-001	5.809e+001	1.936e-005	34.248	4.577e-001	1.807e+002
24														
25	3722.9	3.0070e+001	6.497e-001	5.248e+009	0.000e+000	8.967e-003	2.328e-001	1.831e+001	8.646e-001	5.112e+001	2.435e-005	49.751	8.236e-001	2.212e+002
26	4388.3	3.0130e+001	7.944e-001	5.454e+009	0.000e+000	9.535e-003	2.323e-001	1.956e+001	8.297e-001	5.075e+001	2.800e-005	47.129	8.619e-001	1.964e+002
27														
28	5162.8	2.9970e+001	6.584e-001	3.822e+009	1.074e-006	1.464e-002	2.002e-001	6.366e+000	8.342e-001	2.955e+001	1.411e-005	52.619	1.294e+000	2.505e+002
29	4584.8	3.0050e+001	7.794e-001	5.108e+009	7.775e-007	8.177e-003	2.329e-001	8.238e+000	8.319e-001	3.862e+001	1.915e-005	40.2	8.540e-001	1.863e+002
30	3054.5	3.0530e+001	5.110e-001	5.108e+009	0.000e+000	7.106e-003	2.620e-001	2.280e+001	8.189e-001	5.171e+001	1.955e-005	47.756	6.794e-001	2.224e+002
31	3553.4	3.0080e+001	6.149e-001	5.205e+009	6.622e-008	7.408e-003	2.660e-001	1.946e+001	8.644e-001	5.025e+001	2.281e-005	46.243	7.015e-001	1.974e+002
32	4272.5	3.0580e+001	7.798e-001	5.582e+009	0.000e+000	1.203e-002	2.616e-001	2.239e+001	8.502e-001	5.522e+001	3.006e-005	56.867	9.487e-001	2.220e+002
33	4367.5	3.0250e+001	8.113e-001	5.619e+009	6.377e-008	7.517e-003	2.645e-001	1.819e+001	8.926e-001	5.346e+001	2.980e-005	39.438	8.005e-001	1.833e+002
34	3311.2	3.0170e+001	5.770e-001	5.257e+009	2.453e-008	6.436e-003	2.320e-001	1.852e+001	8.286e-001	5.037e+001	2.079e-005	42.691	6.760e-001	2.041e+002
35	4563	3.0190e+001	7.668e-001	5.074e+009	4.464e-007	1.083e-002	2.319e-001	1.408e+001	8.281e-001	4.547e+001	2.476e-005	50.348	9.688e-001	2.123e+002
36	4635.7	3.0160e+001	8.795e-001	5.722e+009	0.000e+000	8.624e-003	2.653e-001	2.254e+001	8.621e-001	5.767e+001	3.394e-005	41.214	9.119e-001	1.967e+002
37														
38	4247.2	3.0070e+001	6.990e-001	4.949e+009	0.000e+000	1.203e-002	2.328e-001	1.709e+001	8.646e-001	4.816e+001	2.625e-005	57.167	9.884e-001	2.327e+002
39	3841.4	3.0090e+001	6.177e-001	4.839e+009	-2.94E-08	5.917e-003	2.326e-001	1.609e+001	8.308e-001	4.482e+001	2.123e-005	37.488	6.760e-001	1.760e+002
40	3105.4	3.0200e+001	5.051e-001	4.912e+009	0.000e+000	5.089e-003	2.318e-001	1.801e+001	8.278e-001	4.723e+001	1.835e-005	41.424	5.146e-001	1.657e+002
41	2781.1	3.0360e+001	4.651e-001	5.077e+009	2.306e-007	6.161e-003	2.964e-001	2.187e+001	8.893e-001	5.221e+001	1.888e-005	51.647	5.239e-001	1.884e+002
42	4696.5	3.0080e+001	7.416e-001	4.750e+009	5.886e-008	7.533e-003	2.660e-001	1.765e+001	8.644e-001	4.627e+001	2.721e-005	37.932	8.373e-001	1.783e+002
43	2846.8	3.0160e+001	4.824e-001	5.110e+009	3.115e-007	6.230e-003	2.653e-001	2.033e+001	8.621e-001	5.135e+001	1.843e-005	50.497	5.283e-001	1.856e+002
44	2812	3.0070e+001	5.231e-001	5.594e+009	0.000e+000	5.530e-003	2.328e-001	2.250e+001	8.646e-001	5.739e+001	2.139e-005	43.565	5.538e-001	1.969e+002
45	5589.2	3.0220e+001	9.055e-001	4.896e+009	-2.94E-08	9.392e-003	2.316e-001	1.553e+001	8.273e-001	4.423e+001	3.026e-005	42.455	9.242e-001	1.653e+002
46	4020.9	3.0380e+001	6.048e-001	4.570e+009	3.090e-007	3.511e-003	2.962e-001	1.806e+001	8.887e-001	4.538e+001	2.322e-005	25.016	5.048e-001	1.255e+002
47														
48	3941	3.0080e+001	7.492e-001	5.718e+009	1.398e-007	7.535e-003	2.660e-001	1.917e+001	8.311e-001	5.165e+001	2.365e-005	45.08	7.216e-001	1.831e+002
49	3158.7	3.0080e+001	6.199e-001	5.904e+009	-1.23E-08	8.036e-003	2.660e-001	2.221e+001	8.311e-001	5.591e+001	2.112e-005	54.787	6.607e-001	2.092e+002
50	6907.3	3.0020e+001	1.188e+000	5.163e+009	0.000e+000	1.198e-002	2.332e-001	1.619e+001	8.328e-001	4.730e+001	3.920e-005	41.672	1.302e+000	1.885e+002
51	3623.6	3.0090e+001	6.627e-001	5.503e+009	1.643e-007	7.090e-003	2.326e-001	1.692e+001	8.641e-001	5.212e+001	2.388e-005	46.195	6.451e-001	1.780e+002
52	5876.8	3.0280e+001	9.527e-001	4.909e+009	8.830e-008	9.431e-003	2.642e-001	1.536e+001	8.256e-001	4.299e+001	2.977e-005	41.446	9.457e-001	1.609e+002
53	3972.2	3.0420e+001	6.540e-001	5.008e+009	3.973e-007	1.014e-002	2.630e-001	1.951e+001	8.547e-001	4.977e+001	2.510e-005	56.87	7.981e-001	2.009e+002
54	2723.3	3.0140e+001	4.524e-001	5.007e+009	2.943e-008	7.096e-003	2.654e-001	1.927e+001	8.626e-001	4.863e+001	1.677e-005	58.527	5.460e-001	2.005e+002
55	3382.6	3.0570e+001	6.149e-001	5.557e+009	-2.21E-08	7.691e-003	2.617e-001	2.204e+001	8.505e-001	5.467e+001	2.324e-005	51.129	6.470e-001	1.913e+002
56	2786.5	3.0270e+001	4.847e-001	5.265e+009	1.472e-008	6.518e-003	2.643e-001	2.271e+001	8.259e-001	5.211e+001	1.781e-005	49.554	6.088e-001	2.185e+002
57	3124.5	3.0120e+001	5.359e-001	5.166e+009	0.000e+000	5.324e-003	2.324e-001	1.994e+001	8.300e-001	5.087e+001	2.005e-005	42.364	5.278e-001	1.689e+002
58	5748.5	3.0160e+001	8.638e-001	4.532e+009	6.230e-007	1.848e-003	2.653e-001	1.314e+001	8.621e-001	4.011e+001	2.797e-005	9.45	7.613e-001	1.324e+002
59	4035.1	3.0420e+001	6.999e-001	5.277e+009	3.777e-007	1.125e-002	2.301e-001	1.629e+001	8.547e-001	4.863e+001	2.496e-005	56.279	9.060e-001	2.245e+002
60	2455.1	2.9970e+001	-1.36E-03	-1.66E+07	0.000e+000	3.734e-003	2.002e-001	9.990e+000	8.342e-001	9.790e+000	4.562e-006	35.869	4.282e-001	1.744e+002
61	3331.6	3.0470e+001	5.625e-001	5.144e+009	2.330e-007	7.826e-003	2.626e-001	2.120e+001	8.861e-001	5.374e+001	2.426e-005	53.758	6.328e-001	1.899e+002
62	5341	3.0200e+001	7.948e-001	4.494e+009	4.905e-009	1.126e-002	2.318e-001	1.479e+001	8.940e-001	4.436e+001	3.178e-005	49.735	1.010e+000	1.892e+002
63	4677.9	3.0440e+001	7.780e-001	5.062e+009	-2.21E-08	8.254e-003	2.628e-001	1.867e+001	8.870e-001	4.981e+001	3.089e-005	43.528	7.883e-001	1.685e+002
64	3594	3.0540e+001	5.592e-001	4.752e+009	2.870e-007	7.663e-003	2.947e-001	2.129e+001	8.513e-001	4.818e+001	2.152e-005	50.131	6.642e-001	1.848e+002
65	2507.6	2.9970e+001	-9.09E-05	-1.09E+06	0.000e+000	1.617e-003	2.002e-001	8.803e+000	8.342e-001	8.803e+000	4.093e-006	17.784	3.576e-001	1.426e+002
66	3603.8	3.0400e+001	6.461e-001	5.451e+009	0.000e+000	6.809e-003	2.303e-001	1.933e+001	8.553e-001	5.295e+001	2.485e-005	40.329	7.137e-001	1.981e+002
67	3577.8	3.0370e+001	5.874e-001	4.986e+009	1.889e-007	5.798e-003	2.305e-001	1.385e+001	8.561e-001	4.442e+001	1.954e-005	40.237	5.926e-001	1.656e+002
68	4092.4	3.0490e+001	6.996e-001	5.212e+009	0.000e+000	1.022e-002	2.624e-001	2.158e+001	8.199e-001	5.010e+001	2.478e-005	54.214	8.354e-001	2.041e+002
69	3642.5	3.0450e+001	6.657e-001	5.565e+009	0.000e+000	9.027e-003	2.299e-001	1.858e+001	8.539e-001	5.279e+001	2.482e-005	52.906	7.858e-001	2.157e+002
70	3070.6	3.0800e+001	5.256e-001	5.272e+009	0.000e+000	5.455e-003	2.922e-001	2.844e+001	8.766e-001	5.927e+001	2.467e-005	41.851	5.509e-001	1.794e+002
71	3844.2	3.0330e+001	6.890e-001	5.436e+009	3.826e-007	7.450e-003	2.308e-001	1.557e+001	8.902e-001	5.168e+001	2.634e-005	42.895	7.932e-001	2.063e+002
72	3020	3.0140e+001	5.619e-001	5.608e+009	5.396e-008	6.358e-003	2.654e-001	2.047e+001	8.626e-001	5.279e+001	2.022e-005	47.512	5.980e-001	1.980e+002
73	3145.9	3.0290e+001	6.203e-001	5.972e+009	6.671e-007	6.939e-003	2.971e-001	2.089e+001	8.254e-001	5.286e+001	1.862e-005	50.809	6.034e-001	1.918e+002
74														
75	3734.3	3.0380e+001	6.054e-001	4.925e+009	1.177e-007	9.516e-003	2.304e-001	1.839e+001	8.229e-001	4.795e+001	2.272e-005	53.061	8.251e-001	2.209e+002