RECORD	MEAN AREA	ESTIMATED_LENGTH(*)	GRADIENT(*)	EMOD(*)(#)	DECRIMPING_WORK	EXTENSION_WORK	START_X(*)	START_Y	END_X(*)	END_Y	ANALYSIS_WORK	BREAK_STRAIN(*)(#)	BREAK_LOAD	TENSILE_STRENGTH
1	2785.8	3.0440e+001	5.439e-001	5.943e+009	-5.15E-08	5.881e-003	2.628e-001	2.606e+001	8.870e-001	6.286e+001	2.357e-005	44.875	5.308e-001	1.905e+002
2	3082.9	3.0090e+001	5.708e-001	5.571e+009	4.096e-007	3.750e-003	2.326e-001	1.543e+001	8.641e-001	5.092e+001	1.948e-005	29.711	4.660e-001	1.512e+002
3	4206.9	2.9980e+001	7.538e-001	5.372e+009	6.377e-008	1.108e-002	2.001e-001	1.469e+001	8.005e-001	4.734e+001	2.321e-005	52.568	9.492e-001	2.256e+002
4	4155.1	3.0270e+001	6.960e-001	5.070e+009	4.292e-007	5.088e-004	2.313e-001	1.547e+001	8.259e-001	4.651e+001	2.320e-005	4.328	5.872e-001	1.413e+002
5	3959.6	3.0130e+001	8.183e-001	6.227e+009	2.183e-007	8.334e-003	2.655e-001	1.920e+001	8.297e-001	5.451e+001	2.514e-005	45.669	7.657e-001	1.934e+002
6	3091	3.0320e+001	6.350e-001	6.228e+009	1.472e-008	6.920e-003	2.639e-001	2.396e+001	8.245e-001	5.903e+001	2.169e-005	44.492	6.480e-001	2.096e+002
7	5788.9	3.0280e+001	9.509e-001	4.974e+009	5.788e-007	9.838e-003	2.642e-001	1.322e+001	8.917e-001	4.432e+001	3.231e-005	40.852	1.026e+000	1.772e+002
8	2509.6	3.0280e+001	4.810e-001	5.804e+009	3.753e-007	1.181e-004	2.642e-001	2.072e+001	8.917e-001	5.688e+001	1.879e-005	2.279	3.027e-001	1.206e+002
9	4170.3	3.0160e+001	7.502e-001	5.425e+009	3.188e-007	1.036e-002	2.653e-001	1.776e+001	8.952e-001	5.140e+001	2.723e-005	51.061	8.712e-001	2.089e+002
10	3635.5	3.0650e+001	4.165e-001	3.512e+009	1.163e-006	7.834e-003	2.936e-001	7.016e+000	9.135e-001	2.847e+001	1.064e-005	45.449	6.843e-001	1.882e+002
11	3600.5	3.0340e+001	7.256e-001	6.115e+009	1.324e-007	9.112e-003	2.307e-001	1.921e+001	8.899e-001	5.940e+001	2.903e-005	50.231	7.466e-001	2.074e+002
12	3853	3.0190e+001	6.682e-001	5.235e+009	0.000e+000	9.488e-003	2.319e-001	1.884e+001	8.612e-001	5.143e+001	2.552e-005	53.428	7.868e-001	2.042e+002
13	5195.8	3.0070e+001	1.052e+000	6.086e+009	4.881e-007	8.701e-003	2.660e-001	1.973e+001	8.314e-001	5.485e+001	3.383e-005	37.745	9.256e-001	1.781e+002
14	3184.2	2.9980e+001	6.593e-001	6.208e+009	6.970e-006	6.494e-003	1.334e+000	3.898e+001	1.968e+000	7.811e+001	3.533e-005	41.694	6.701e-001	2.104e+002
15	3784	3.0190e+001	7.387e-001	5.894e+009	9.811e-009	8.185e-003	2.319e-001	2.100e+001	8.612e-001	5.821e+001	2.830e-005	44.154	7.775e-001	2.055e+002
16	4788.9	3.0450e+001	9.930e-001	6.314e+009	8.658e-007	7.709e-003	2.627e-001	1.629e+001	8.539e-001	5.378e+001	3.067e-005	35.665	8.261e-001	1.725e+002
17	4019.6	2.9980e+001	7.162e-001	5.342e+009	1.218e-005	6.118e-004	1.901e+000	2.160e+001	2.335e+000	4.491e+001	1.771e-005	6.404	6.088e-001	1.514e+002
18	5439.6	3.0360e+001	1.052e+000	5.871e+009	0.000e+000	1.548e-002	2.306e-001	2.083e+001	8.893e-001	5.961e+001	4.504e-005	55.468	1.244e+000	2.286e+002
19	2190.2	3.0300e+001	4.526e-001	6.262e+009	0.000e+000	4.758e-003	2.640e-001	2.598e+001	8.251e-001	6.070e+001	1.630e-005	43.63	4.606e-001	2.103e+002
20	2638.6	3.0380e+001	5.580e-001	6.425e+009	2.943e-008	5.582e-003	2.304e-001	2.268e+001	8.229e-001	6.079e+001	2.022e-005	45.359	4.945e-001	1.874e+002
21	3472.2	3.0240e+001	6.426e-001	5.596e+009	1.128e-007	7.162e-003	2.646e-001	1.921e+001	8.598e-001	5.241e+001	2.219e-005	44.511	6.818e-001	1.964e+002
22	3788.2	3.0220e+001	7.623e-001	6.081e+009	4.120e-007	5.262e-003	2.647e-001	1.800e+001	8.604e-001	5.348e+001	2.459e-005	30.874	6.210e-001	1.639e+002
23	3085.6	3.0520e+001	5.096e-001	5.041e+009	5.690e-007	6.308e-003	2.621e-001	1.431e+001	8.191e-001	4.229e+001	1.486e-005	49.083	5.136e-001	1.664e+002
24	2643.1	3.0300e+001	5.007e-001	5.740e+009	0.000e+000	6.538e-003	2.640e-001	2.598e+001	8.251e-001	5.828e+001	1.916e-005	50.396	5.528e-001	2.092e+002
25	4171.8	3.0210e+001	8.035e-001	5.819e+009	8.830e-008	9.250e-003	2.317e-001	1.799e+001	8.937e-001	5.597e+001	3.085e-005	44.455	9.104e-001	2.182e+002
26	3347.7	3.0430e+001	5.934e-001	5.394e+009	0.000e+000	7.603e-003	2.300e-001	2.037e+001	8.216e-001	5.275e+001	2.192e-005	47.815	6.774e-001	2.024e+002
27	3659.5	3.0380e+001	7.726e-001	6.414e+009	1.962e-008	6.007e-003	2.304e-001	2.252e+001	8.229e-001	5.965e+001	2.727e-005	35.583	6.470e-001	1.768e+002
28	2910.4	3.0060e+001	5.846e-001	6.038e+009	0.000e+000	8.608e-003	2.329e-001	2.208e+001	8.649e-001	5.983e+001	2.238e-005	53.892	7.235e-001	2.486e+002
29	3138.9	3.0360e+001	6.094e-001	5.894e+009	1.790e-007	2.562e-003	2.306e-001	2.141e+001	8.893e-001	6.032e+001	2.589e-005	19.73	4.685e-001	1.492e+002
30	3983	3.0160e+001	8.138e-001	6.162e+009	0.000e+000	9.533e-003	2.653e-001	2.278e+001	8.952e-001	6.047e+001	3.163e-005	49.735	8.275e-001	2.078e+002
31	5132.5	3.0160e+001	9.858e-001	5.793e+009	0.000e+000	6.267e-003	2.653e-001	2.150e+001	8.952e-001	5.677e+001	3.834e-005	30.405	7.407e-001	1.443e+002
32	2698.8	3.0180e+001	5.391e-001	6.029e+009	0.000e+000	7.000e-003	2.651e-001	2.417e+001	8.284e-001	5.725e+001	1.887e-005	50.398	6.068e-001	2.248e+002
33	4022.4	3.0260e+001	7.463e-001	5.614e+009	5.886e-008	1.191e-002	2.644e-001	1.890e+001	8.923e-001	5.415e+001	2.829e-005	57.733	9.242e-001	2.298e+002
34	4276.1	3.0320e+001	8.537e-001	6.053e+009	0.000e+000	9.173e-003	2.639e-001	2.742e+001	8.245e-001	6.137e+001	3.183e-005	43.371	9.158e-001	2.142e+002
35	3870.3	3.0340e+001	7.565e-001	5.931e+009	4.660e-007	5.266e-004	2.966e-001	2.015e+001	8.570e-001	5.323e+001	2.428e-005	4.384	5.739e-001	1.483e+002
36	3994.9	3.0130e+001	7.397e-001	5.579e+009	3.115e-007	8.818e-003	2.655e-001	1.780e+001	8.297e-001	5.022e+001	2.325e-005	44.839	8.118e-001	2.032e+002
37	2013.9	3.0360e+001	4.115e-001	6.203e+009	5.151e-008	3.701e-004	2.306e-001	2.460e+001	8.893e-001	6.528e+001	1.845e-005	5.072	3.223e-001	1.600e+002
38	4610.4	3.0300e+001	8.119e-001	5.336e+009	2.649e-007	1.067e-002	2.640e-001	1.830e+001	8.251e-001	4.809e+001	2.611e-005	47.492	9.497e-001	2.060e+002
39														
40	2889	3.0260e+001	5.575e-001	5.839e+009	0.000e+000	7.013e-003	2.644e-001	2.326e+001	8.592e-001	5.807e+001	2.088e-005	49.042	6.161e-001	2.133e+002
41	3037.5	3.0340e+001	5.691e-001	5.684e+009	2.575e-007	1.247e-004	2.966e-001	2.487e+001	8.570e-001	5.781e+001	2.115e-005	2.076	3.483e-001	1.147e+002
42	4655.3	3.0430e+001	8.410e-001	5.497e+009	0.000e+000	8.909e-003	2.300e-001	1.844e+001	8.216e-001	5.121e+001	2.943e-005	40.158	8.673e-001	1.863e+002
43	3617.4	3.0430e+001	7.313e-001	6.152e+009	4.611e-007	8.504e-003	2.629e-001	1.844e+001	8.544e-001	5.492e+001	2.422e-005	47.289	7.216e-001	1.995e+002
44	5589.8	3.0120e+001	1.074e+000	5.785e+009	0.000e+000	1.419e-002	2.324e-001	1.773e+001	8.964e-001	5.511e+001	4.098e-005	52.092	1.202e+000	2.150e+002
45	4352	3.0210e+001	7.923e-001	5.500e+009	2.870e-007	1.102e-002	2.317e-001	1.567e+001	8.937e-001	5.174e+001	2.936e-005	53.128	8.957e-001	2.058e+002
46	3559.2	3.0300e+001	6.929e-001	5.899e+009	0.000e+000	1.094e-002	2.640e-001	2.522e+001	8.251e-001	5.816e+001	2.527e-005	55.974	8.874e-001	2.493e+002
47	3874.5	2.9980e+001	7.577e-001	5.863e+009	8.035e-006	8.838e-003	1.734e+000	3.646e+001	2.435e+000	7.774e+001	4.677e-005	48.699	8.015e-001	2.069e+002
48	3993.6	3.0340e+001	8.241e-001	6.261e+009	3.630e-007	9.051e-003	2.966e-001	2.199e+001	8.570e-001	5.712e+001	2.740e-005	44.43	8.393e-001	2.102e+002
49	4098.3	3.0220e+001	8.125e-001	5.991e+009	2.747e-007	8.161e-003	2.647e-001	1.903e+001	8.604e-001	5.434e+001	2.747e-005	43.051	8.094e-001	1.975e+002
50	3224.7	3.0250e+001	5.454e-001	5.116e+009	0.000e+000	4.571e-003	2.314e-001	1.856e+001	8.595e-001	5.035e+001	2.112e-005	33.917	5.028e-001	1.559e+002
51	2917.4	3.0450e+001	5.305e-001	5.537e+009	0.000e+000	5.295e-003	2.299e-001	1.984e+001	8.539e-001	5.381e+001	2.025e-005	39.704	5.411e-001	1.855e+002
52	4463.7	3.0030e+001	8.146e-001	5.480e+009	3.851e-007	8.740e-003	2.331e-001	1.626e+001	8.325e-001	4.934e+001	2.633e-005	43.956	8.310e-001	1.862e+002
53	3989.4	3.0300e+001	4.465e-001	3.391e+009	0.000e+000	1.660e-005	2.640e-001	2.373e+001	5.611e-001	3.271e+001	1.104e-005	0.561	1.305e-001	3.271e+001
54	3458.5	3.0160e+001	6.855e-001	5.978e+009	2.992e-007	6.584e-003	2.321e-001	1.872e+001	8.952e-001	5.844e+001	2.740e-005	41.214	6.588e-001	1.905e+002
55	4731	3.0280e+001	8.813e-001	5.641e+009	1.717e-007	1.026e-002	2.642e-001	1.887e+001	8.917e-001	5.381e+001	3.297e-005	45.476	9.320e-001	1.970e+002
56	2419	3.0300e+001	5.024e-001	6.293e+009	1.717e-007	6.665e-003	2.640e-001	1.987e+001	8.251e-001	5.516e+001	1.555e-005	52.31	5.479e-001	2.265e+002
57	3822.6	3.0180e+001	8.035e-001	6.344e+009	1.913e-007	9.867e-003	2.319e-001	2.246e+001	8.284e-001	6.185e+001	2.949e-005	51.027	8.270e-001	2.164e+002
58	4719.8	3.0120e+001	9.128e-001	5.825e+009	0.000e+000	1.410e-002	2.324e-001	2.027e+001	8.632e-001	5.747e+001	3.520e-005	54.98	1.177e+000	2.493e+002
59	3835.2	2.9980e+001	5.983e-001	4.677e+009	7.260e-007	8.022e-003	2.001e-001	8.953e+000	8.339e-001	3.696e+001	1.542e-005	42.262	7.927e-001	2.067e+002
60	4070.7	3.0410e+001	7.942e-001	5.933e+009	0.000e+000	5.073e-005	2.302e-001	1.904e+001	8.879e-001	5.857e+001	3.252e-005	1.085	2.448e-001	6.013e+001
61	4169	3.0240e+001	7.877e-001	5.714e+009	3.924e-008	8.575e-003	2.646e-001	2.000e+001	8.598e-001	5.401e+001	2.752e-005	43.188	8.310e-001	1.993e+002
62	4598.2	3.0170e+001	8.178e-001	5.366e+009	1.472e-008	1.138e-002	2.320e-001	1.654e+001	8.618e-001	4.961e+001	2.878e-005	52.967	9.296e-001	2.022e+002
63	2573.1	2.9980e+001	5.326e-001	6.205e+009	5.732e-006	2.246e-003	1.001e+000	2.250e+001	1.334e+000	4.327e+001	8.295e-006	20.447	4.204e-001	1.634e+002
64	3222.1	3.0240e+001	6.427e-001	6.032e+009	0.000e+000	7.294e-003	2.646e-001	2.284e+001	8.598e-001	5.907e+001	2.379e-005	46.627	6.362e-001	1.975e+002
65	4359.2	3.0410e+001	8.037e-001	5.606e+009	0.000e+000	1.182e-002	2.302e-001	1.890e+001	8.221e-001	5.210e+001	2.844e-005	55.409	9.016e-001	2.068e+002
66	2311.9	3.0240e+001	4.928e-001	6.446e+009	2.943e-008	4.119e-003	2.646e-001	2.440e+001	8.598e-001	6.281e+001	1.809e-005	37.368	4.101e-001	1.774e+002
67	5049.3	3.0320e+001	1.047e+000	6.287e+009	1.072e-006	8.885e-003	2.968e-001	1.953e+001	8.245e-001	5.324e+001	2.958e-005	38.358	9.242e-001	1.830e+002
68	3960.2	2.9980e+001	6.828e-001	5.169e+009	8.830e-007	9.471e-003	2.001e-001	6.565e+000	8.339e-001	3.889e+001	1.708e-005	47.131	8.697e-001	2.196e+002
69	3197.8	3.0340e+001	6.445e-001	6.114e+009	1.177e-007	7.248e-003	2.307e-001	2.086e+001	8.570e-001	5.921e+001	2.476e-005	45.946	6.921e-001	2.164e+002
70	3319.1	3.0190e+001	4.636e-001	4.217e+009	-4.91E-09	1.631e-003	2.319e-001	1.714e+001	8.612e-001	4.434e+001	1.878e-005	12.852	4.743e-001	1.429e+002
71	4229.3	3.0240e+001	7.972e-001	5.700e+009	7.603e-007	1.149e-002	2.646e-001	8.119e+000	8.598e-001	4.199e+001	1.877e-005	53.175	9.570e-001	2.263e+002
72	4115.6	3.0080e+001	7.442e-001	5.439e+009	0.000e+000	8.554e-003	2.660e-001	2.050e+001	8.644e-001	5.304e+001	2.743e-005	43.351	8.472e-001	2.058e+002
73	4596.1	3.0240e+001	9.154e-001	6.023e+009	1.521e-007	9.861e-003	2.646e-001	2.209e+001	8.598e-001	5.795e+001	3.301e-005	47.222	8.697e-001	1.892e+002
74	3287	3.0120e+001	6.290e-001	5.764e+009	1.938e-007	1.104e-004	2.324e-001	2.119e+001	8.632e-001	5.820e+001	2.478e-005	1.859	3.336e-001	1.015e+002
75	4790.9	3.0280e+001	9.372e-001	5.923e+009	3.287e-007	1.204e-002	2.642e-001	1.771e+001	8.256e-001	5.099e+001	2.842e-005	47.787	1.114e+000	2.326e+002