RECORD	MEAN AREA	ESTIMATED_LENGTH(*)	GRADIENT(*)	EMOD(*)(#)	DECRIMPING_WORK	EXTENSION_WORK	START_X(*)	START_Y	END_X(*)	END_Y	ANALYSIS_WORK	BREAK_STRAIN(*)(#)	BREAK_LOAD	TENSILE_STRENGTH
1	4385.4	3.00E+01	-7.09E-04	-4.85E+06	0.00E+00	1.23E-02	2.00E-01	6.49E+00	8.01E-01	6.49E+00	5.07E-06	63.276	9.08E-01	2.07E+02
2	3868.2	3.03E+01	6.69E-01	5.24E+09	3.12E-07	7.98E-03	2.64E-01	1.93E+01	8.59E-01	5.11E+01	2.43E-05	47.323	7.57E-01	1.96E+02
3	4399.2	3.06E+01	7.03E-01	4.88E+09	4.22E-07	7.38E-03	2.62E-01	1.83E+01	8.18E-01	4.59E+01	2.47E-05	42.455	7.17E-01	1.63E+02
4	3192.7	3.04E+01	5.35E-01	5.10E+09	0.00E+00	8.83E-03	2.30E-01	2.01E+01	8.55E-01	5.13E+01	2.18E-05	58.717	6.83E-01	2.14E+02
5	2545.4	3.07E+01	4.85E-01	5.85E+09	0.00E+00	5.91E-03	2.93E-01	2.58E+01	8.15E-01	5.57E+01	1.69E-05	49.087	5.44E-01	2.14E+02
6	2314.7	3.04E+01	3.97E-01	5.21E+09	0.00E+00	5.49E-03	2.31E-01	2.56E+01	8.89E-01	6.00E+01	2.01E-05	52.569	4.81E-01	2.08E+02
7	4072.7	3.02E+01	7.26E-01	5.38E+09	0.00E+00	7.07E-03	2.32E-01	1.80E+01	8.61E-01	5.14E+01	2.70E-05	46.472	6.49E-01	1.59E+02
8	2854.3	3.01E+01	4.50E-01	4.75E+09	8.83E-08	5.76E-03	2.66E-01	1.98E+01	8.64E-01	4.83E+01	1.73E-05	49.236	5.20E-01	1.82E+02
9	2616.5	3.05E+01	4.66E-01	5.43E+09	0.00E+00	4.06E-03	2.30E-01	2.42E+01	8.54E-01	5.74E+01	2.05E-05	39.672	4.18E-01	1.60E+02
10	4596.6	3.03E+01	8.19E-01	5.40E+09	2.94E-08	5.94E-03	2.64E-01	1.97E+01	8.25E-01	4.99E+01	2.70E-05	33.465	6.87E-01	1.49E+02
11	4439	3.02E+01	7.97E-01	5.42E+09	0.00E+00	9.76E-03	2.32E-01	1.70E+01	8.62E-01	5.03E+01	2.85E-05	49.088	9.11E-01	2.05E+02
12	3813.9	3.01E+01	7.64E-01	6.03E+09	9.81E-09	6.85E-03	2.33E-01	1.87E+01	8.64E-01	5.67E+01	2.75E-05	40.858	7.43E-01	1.95E+02
13	2164.4	3.02E+01	3.93E-01	5.47E+09	0.00E+00	6.00E-03	2.65E-01	2.54E+01	8.62E-01	5.82E+01	1.67E-05	57.313	4.92E-01	2.27E+02
14	5105.2	3.03E+01	9.18E-01	5.44E+09	0.00E+00	1.19E-02	2.64E-01	2.02E+01	8.59E-01	5.31E+01	3.35E-05	53.272	1.01E+00	1.97E+02
15	2850.5	3.04E+01	5.64E-01	6.02E+09	0.00E+00	6.79E-03	2.30E-01	2.36E+01	8.22E-01	5.87E+01	2.11E-05	47.059	6.44E-01	2.26E+02
16	5590.7	3.01E+01	1.02E+00	5.48E+09	2.16E-07	1.69E-03	2.65E-01	1.67E+01	8.63E-01	4.92E+01	3.26E-05	9.157	7.00E-01	1.25E+02
17	3773.8	3.02E+01	6.63E-01	5.30E+09	1.96E-08	6.71E-03	2.32E-01	1.78E+01	8.62E-01	5.08E+01	2.46E-05	44.249	6.47E-01	1.72E+02
18	5600.2	3.03E+01	9.37E-01	5.07E+09	0.00E+00	1.06E-02	2.97E-01	1.94E+01	8.57E-01	4.85E+01	3.26E-05	46.737	1.00E+00	1.79E+02
19	3785.8	3.03E+01	6.91E-01	5.54E+09	2.94E-08	1.01E-02	2.31E-01	1.89E+01	8.58E-01	5.42E+01	2.63E-05	57.638	7.93E-01	2.10E+02
20	5560.9	3.04E+01	9.06E-01	4.95E+09	-8.83E-08	1.35E-02	2.30E-01	1.46E+01	8.23E-01	4.38E+01	2.88E-05	59.842	1.02E+00	1.83E+02
21														
22	3352.4	3.01E+01	5.94E-01	5.32E+09	2.94E-08	6.89E-03	2.33E-01	1.92E+01	8.65E-01	5.30E+01	2.34E-05	44.977	6.94E-01	2.07E+02
23	4582.7	3.05E+01	7.56E-01	5.03E+09	6.62E-08	1.03E-02	2.62E-01	1.85E+01	8.19E-01	4.62E+01	2.54E-05	51.212	8.86E-01	1.93E+02
24	2384.3	3.01E+01	4.35E-01	5.50E+09	0.00E+00	5.64E-03	2.33E-01	2.33E+01	8.30E-01	5.68E+01	1.75E-05	53.072	4.93E-01	2.07E+02
25	3004.4	3.01E+01	5.45E-01	5.46E+09	0.00E+00	5.76E-03	2.33E-01	2.19E+01	8.31E-01	5.44E+01	2.07E-05	44.729	5.70E-01	1.90E+02
26	3288	3.04E+01	5.71E-01	5.27E+09	0.00E+00	7.18E-03	2.31E-01	1.97E+01	8.24E-01	5.01E+01	2.07E-05	48.584	6.58E-01	2.00E+02
27	2612.7	3.04E+01	4.58E-01	5.33E+09	5.40E-08	7.10E-03	2.30E-01	2.05E+01	8.23E-01	5.24E+01	1.72E-05	56.715	5.79E-01	2.22E+02
28	3397.1	3.01E+01	6.34E-01	5.61E+09	4.91E-08	6.73E-03	2.33E-01	1.78E+01	8.31E-01	5.11E+01	2.10E-05	48.454	5.84E-01	1.72E+02
29	4781.6	3.03E+01	7.90E-01	5.00E+09	0.00E+00	5.68E-04	2.31E-01	1.68E+01	8.60E-01	4.82E+01	3.01E-05	4.43	6.05E-01	1.27E+02
30	4061.5	3.05E+01	8.04E-01	6.03E+09	5.89E-08	4.15E-03	2.63E-01	2.22E+01	8.87E-01	6.00E+01	3.22E-05	24.007	6.30E-01	1.55E+02
31	3534.9	3.00E+01	5.78E-02	4.90E+08	0.00E+00	4.38E-06	2.00E-01	1.14E+01	8.34E-01	1.24E+01	7.93E-06	0.367	3.97E-02	1.12E+01
32	5585	3.02E+01	8.79E-01	4.76E+09	9.32E-08	1.41E-02	2.32E-01	1.25E+01	8.60E-01	4.13E+01	2.80E-05	58.399	1.08E+00	1.94E+02
33	4167.7	3.02E+01	7.73E-01	5.61E+09	7.85E-08	1.03E-02	2.65E-01	2.18E+01	8.60E-01	5.51E+01	2.93E-05	53.175	8.76E-01	2.10E+02
34	3352.7	3.05E+01	5.66E-01	5.15E+09	0.00E+00	3.67E-04	2.30E-01	1.86E+01	8.85E-01	5.19E+01	2.36E-05	4.295	3.85E-01	1.15E+02
35	3340.3	3.04E+01	6.38E-01	5.80E+09	0.00E+00	8.94E-03	2.31E-01	2.42E+01	8.89E-01	6.27E+01	2.99E-05	54.315	7.55E-01	2.26E+02
36	2835.5	3.03E+01	5.14E-01	5.49E+09	0.00E+00	5.84E-03	2.64E-01	2.23E+01	8.25E-01	5.28E+01	1.84E-05	47.492	5.34E-01	1.88E+02
37	2489.2	3.06E+01	4.69E-01	5.77E+09	0.00E+00	5.86E-03	2.61E-01	2.46E+01	8.49E-01	5.83E+01	1.86E-05	54.848	4.72E-01	1.90E+02
38	3954.7	3.03E+01	7.96E-01	6.10E+09	5.40E-08	8.18E-03	2.64E-01	2.10E+01	8.25E-01	5.51E+01	2.53E-05	45.646	7.93E-01	2.01E+02
39	4040.4	3.04E+01	7.05E-01	5.31E+09	0.00E+00	6.31E-03	2.30E-01	2.04E+01	8.22E-01	5.22E+01	2.67E-05	38.055	6.95E-01	1.72E+02
40	4196.9	3.04E+01	7.26E-01	5.25E+09	1.99E-07	9.93E-03	2.31E-01	1.82E+01	8.89E-01	5.28E+01	3.07E-05	54.315	8.05E-01	1.92E+02
41	4053.2	3.01E+01	7.27E-01	5.40E+09	3.92E-08	8.91E-03	2.33E-01	1.63E+01	8.31E-01	4.91E+01	2.34E-05	53.123	7.40E-01	1.83E+02
42	3535.4	3.00E+01	-1.38E-05	-1.17E+05	0.00E+00	4.02E-03	2.00E-01	1.21E+01	8.01E-01	1.21E+01	7.63E-06	30.787	5.17E-01	1.46E+02
43	5060.3	3.01E+01	8.16E-01	4.86E+09	0.00E+00	1.44E-02	2.32E-01	1.69E+01	8.63E-01	4.78E+01	3.10E-05	58.234	1.18E+00	2.33E+02
44	7023.2	3.01E+01	1.29E+00	5.53E+09	5.57E-07	2.06E-02	2.66E-01	1.58E+01	8.31E-01	4.78E+01	3.88E-05	61.257	1.57E+00	2.23E+02
45	4770.3	3.02E+01	8.88E-01	5.61E+09	3.90E-07	9.57E-03	2.65E-01	1.86E+01	8.62E-01	5.24E+01	3.14E-05	46.899	9.06E-01	1.90E+02
46	3813.6	3.03E+01	7.31E-01	5.81E+09	-4.91E-09	8.72E-03	2.64E-01	2.11E+01	8.25E-01	5.36E+01	2.40E-05	48.747	8.23E-01	2.16E+02
47	4060.1	3.06E+01	7.26E-01	5.46E+09	1.77E-07	1.07E-02	2.62E-01	1.90E+01	8.18E-01	5.00E+01	2.44E-05	57.741	8.36E-01	2.06E+02
48	3123.1	3.05E+01	5.90E-01	5.77E+09	-7.36E-09	7.09E-03	2.62E-01	2.33E+01	8.19E-01	5.50E+01	2.07E-05	48.526	6.60E-01	2.11E+02
49	3843.5	3.03E+01	7.41E-01	5.84E+09	0.00E+00	9.67E-03	2.64E-01	2.11E+01	8.25E-01	5.34E+01	2.46E-05	50.957	8.81E-01	2.29E+02
50	3857.9	3.01E+01	7.13E-01	5.56E+09	0.00E+00	9.57E-03	2.33E-01	2.02E+01	8.31E-01	5.33E+01	2.53E-05	54.57	7.88E-01	2.04E+02
51	3486.4	3.03E+01	5.95E-01	5.18E+09	6.38E-07	8.42E-03	2.97E-01	1.94E+01	8.58E-01	4.77E+01	1.97E-05	54.354	6.99E-01	2.01E+02
52	3788.8	3.02E+01	6.98E-01	5.57E+09	4.51E-07	9.83E-03	2.65E-01	1.58E+01	8.60E-01	4.95E+01	2.23E-05	55.489	7.86E-01	2.08E+02
53	3323.5	3.06E+01	5.72E-01	5.25E+09	0.00E+00	7.81E-03	2.62E-01	2.18E+01	8.51E-01	5.17E+01	2.21E-05	52.046	6.52E-01	1.96E+02
54	2834.5	3.03E+01	5.08E-01	5.43E+09	0.00E+00	6.65E-03	2.97E-01	2.58E+01	8.57E-01	5.66E+01	1.99E-05	56.526	5.16E-01	1.82E+02
55	2849.9	3.03E+01	5.29E-01	5.63E+09	0.00E+00	5.95E-03	2.64E-01	2.67E+01	8.25E-01	5.82E+01	2.04E-05	47.394	5.67E-01	1.99E+02
56	3461.7	3.00E+01	6.86E-01	5.95E+09	6.87E-08	8.65E-03	2.33E-01	1.86E+01	8.33E-01	5.43E+01	2.32E-05	53.879	7.35E-01	2.12E+02
57	3906.2	3.01E+01	7.48E-01	5.77E+09	-3.92E-08	8.25E-03	2.33E-01	1.92E+01	8.31E-01	5.40E+01	2.57E-05	47.358	7.86E-01	2.01E+02
58	4463.6	3.01E+01	7.03E-01	4.74E+09	-4.91E-09	1.21E-04	2.66E-01	1.71E+01	8.30E-01	4.35E+01	2.28E-05	1.893	3.58E-01	8.02E+01
59	3390.3	3.04E+01	6.68E-01	6.00E+09	1.89E-07	8.51E-03	2.30E-01	2.11E+01	8.22E-01	5.76E+01	2.43E-05	54.913	6.78E-01	2.00E+02
60	3516.6	3.01E+01	7.20E-01	6.16E+09	0.00E+00	8.19E-03	2.66E-01	2.23E+01	8.31E-01	5.75E+01	2.44E-05	49.385	7.43E-01	2.11E+02
61	4188.4	3.01E+01	7.05E-01	5.06E+09	4.34E-07	8.74E-03	2.33E-01	1.35E+01	8.32E-01	4.46E+01	2.15E-05	49.634	7.75E-01	1.85E+02
62	3579.4	3.01E+01	6.90E-01	5.80E+09	2.70E-08	6.60E-03	2.33E-01	1.92E+01	8.31E-01	5.41E+01	2.37E-05	42.905	6.68E-01	1.87E+02
63	2262.5	3.05E+01	3.66E-01	4.93E+09	7.36E-09	4.44E-03	2.62E-01	2.30E+01	8.85E-01	5.38E+01	1.67E-05	50.918	3.73E-01	1.65E+02
64	2500.3	3.01E+01	5.17E-01	6.21E+09	6.87E-08	5.50E-03	2.33E-01	2.12E+01	8.65E-01	6.00E+01	1.94E-05	45.576	5.34E-01	2.14E+02
65	3221.9	3.03E+01	6.46E-01	6.07E+09	0.00E+00	6.11E-03	2.64E-01	2.38E+01	8.59E-01	6.06E+01	2.44E-05	43.06	6.18E-01	1.92E+02
66	3892.1	3.01E+01	7.16E-01	5.53E+09	2.33E-07	8.70E-03	2.66E-01	1.98E+01	8.31E-01	5.16E+01	2.40E-05	52.91	7.34E-01	1.89E+02
67	3209.6	3.04E+01	5.60E-01	5.30E+09	2.94E-08	7.82E-03	2.30E-01	1.82E+01	8.22E-01	4.98E+01	1.91E-05	54.671	6.34E-01	1.98E+02
68	4315.7	3.04E+01	7.66E-01	5.40E+09	5.96E-07	7.74E-03	2.63E-01	1.52E+01	8.22E-01	4.64E+01	2.26E-05	43.355	7.52E-01	1.74E+02
69	4866.6	3.04E+01	8.71E-01	5.45E+09	0.00E+00	9.07E-03	2.30E-01	2.08E+01	8.22E-01	5.34E+01	3.27E-05	44.167	9.17E-01	1.88E+02
70	3909.2	3.01E+01	7.93E-01	6.10E+09	0.00E+00	8.93E-03	2.33E-01	2.12E+01	8.64E-01	6.00E+01	3.07E-05	46.443	9.12E-01	2.33E+02
71	4436.6	3.02E+01	7.79E-01	5.30E+09	1.94E-07	1.62E-03	2.32E-01	1.63E+01	8.29E-01	4.81E+01	2.64E-05	11.439	5.09E-01	1.15E+02
72	5016.2	3.03E+01	7.46E-01	4.51E+09	8.09E-07	1.21E-02	2.64E-01	8.41E+00	8.57E-01	3.51E+01	1.82E-05	53.065	1.02E+00	2.04E+02
73	4849.2	3.01E+01	8.13E-01	5.05E+09	4.88E-07	1.12E-02	2.33E-01	1.30E+01	8.64E-01	4.54E+01	2.73E-05	49.535	1.05E+00	2.16E+02
74														
75	3980.8	3.01E+01	6.55E-01	4.95E+09	4.91E-09	8.37E-03	2.33E-01	1.70E+01	8.31E-01	4.63E+01	2.30E-05	47.557	7.92E-01	1.99E+02
76	3342.7	3.01E+01	6.06E-01	5.44E+09	2.45E-09	8.49E-03	2.33E-01	1.88E+01	8.32E-01	5.11E+01	2.12E-05	53.577	7.52E-01	2.25E+02
77	2735.9	3.03E+01	5.34E-01	5.90E+09	7.85E-08	4.19E-03	2.64E-01	2.46E+01	8.59E-01	6.01E+01	2.10E-05	37.442	4.60E-01	1.68E+02
78	4759.4	3.01E+01	8.78E-01	5.55E+09	5.29E-21	9.33E-03	2.66E-01	1.97E+01	8.64E-01	5.38E+01	3.19E-05	44.315	9.57E-01	2.01E+02
79														
80	4024.8	3.06E+01	7.03E-01	5.34E+09	0.00E+00	7.20E-03	2.62E-01	2.07E+01	8.51E-01	5.22E+01	2.64E-05	42.002	7.47E-01	1.86E+02
81	3779.1	3.04E+01	6.62E-01	5.32E+09	7.36E-08	7.84E-03	2.30E-01	1.66E+01	8.23E-01	4.78E+01	2.17E-05	46.939	7.32E-01	1.94E+02
82	4383.6	3.04E+01	7.51E-01	5.20E+09	2.50E-07	1.04E-02	2.31E-01	1.51E+01	8.89E-01	4.95E+01	2.90E-05	53.36	8.95E-01	2.04E+02
83	4607.8	3.02E+01	8.56E-01	5.61E+09	2.72E-07	9.39E-03	2.32E-01	1.60E+01	8.62E-01	5.06E+01	2.94E-05	44.05	9.87E-01	2.14E+02
84	2236.4	3.04E+01	4.19E-01	5.69E+09	0.00E+00	4.26E-03	2.31E-01	2.41E+01	8.89E-01	6.14E+01	1.93E-05	44.532	4.15E-01	1.85E+02
85	3244	3.05E+01	5.61E-01	5.27E+09	0.00E+00	1.65E-03	2.30E-01	1.92E+01	8.54E-01	5.17E+01	2.18E-05	14.745	4.28E-01	1.32E+02
86	3124.9	3.03E+01	6.01E-01	5.82E+09	0.00E+00	6.80E-03	2.64E-01	2.34E+01	8.25E-01	5.56E+01	2.13E-05	49.604	6.03E-01	1.93E+02
87	3975.3	3.02E+01	7.23E-01	5.49E+09	0.00E+00	1.01E-02	2.32E-01	2.02E+01	8.62E-01	5.43E+01	2.81E-05	56.75	8.05E-01	2.02E+02
88	2550.4	3.04E+01	4.74E-01	5.64E+09	5.49E-07	7.15E-03	2.31E-01	1.37E+01	8.89E-01	5.06E+01	1.68E-05	56.983	5.77E-01	2.26E+02
89	3751.8	3.00E+01	7.38E-01	5.91E+09	3.43E-08	9.74E-03	2.33E-01	1.91E+01	8.66E-01	5.64E+01	2.75E-05	53.063	8.67E-01	2.31E+02
90	4110.2	3.02E+01	7.09E-01	5.21E+09	0.00E+00	8.27E-03	2.32E-01	1.89E+01	8.61E-01	5.18E+01	2.87E-05	44.536	8.62E-01	2.10E+02
91	3480.4	3.04E+01	6.15E-01	5.37E+09	0.00E+00	9.05E-03	2.30E-01	2.27E+01	8.22E-01	5.43E+01	2.42E-05	58.698	7.06E-01	2.03E+02
92	2432.8	3.05E+01	4.48E-01	5.61E+09	1.30E-07	5.19E-03	2.63E-01	2.50E+01	8.54E-01	5.85E+01	1.85E-05	46.01	5.21E-01	2.14E+02
93	3654.2	3.05E+01	6.17E-01	5.15E+09	-2.94E-08	1.93E-04	2.62E-01	2.18E+01	8.19E-01	5.02E+01	2.26E-05	2.556	4.04E-01	1.11E+02
94	2951	3.03E+01	5.56E-01	5.71E+09	0.00E+00	6.86E-03	2.64E-01	2.59E+01	8.25E-01	5.79E+01	2.13E-05	48.449	6.14E-01	2.08E+02
95	4258	3.04E+01	7.84E-01	5.61E+09	2.40E-07	9.56E-03	2.30E-01	1.94E+01	8.22E-01	5.27E+01	2.76E-05	47.585	8.68E-01	2.04E+02
96	2794	3.04E+01	5.57E-01	6.06E+09	5.15E-08	5.25E-03	2.63E-01	2.49E+01	8.55E-01	6.11E+01	2.22E-05	40.296	5.73E-01	2.05E+02
97	4065.7	3.01E+01	6.92E-01	5.13E+09	1.08E-07	9.10E-03	2.66E-01	1.99E+01	8.30E-01	4.90E+01	2.36E-05	49.32	8.58E-01	2.11E+02
98	6528	3.02E+01	1.19E+00	5.52E+09	2.06E-07	1.46E-02	2.65E-01	1.88E+01	8.60E-01	5.13E+01	4.19E-05	51.257	1.30E+00	1.99E+02
99	4134.1	3.05E+01	7.53E-01	5.56E+09	0.00E+00	9.73E-03	2.30E-01	1.98E+01	8.85E-01	5.55E+01	3.11E-05	49.967	9.06E-01	2.19E+02
100	4019	3.02E+01	7.94E-01	5.97E+09	2.50E-07	6.50E-03	2.65E-01	1.97E+01	8.27E-01	5.32E+01	2.49E-05	39.974	6.76E-01	1.68E+02