RECORD	MEAN AREA	ESTIMATED_LENGTH(*)	GRADIENT(*)	EMOD(*)(#)	DECRIMPING_WORK	EXTENSION_WORK	START_X(*)	START_Y	END_X(*)	END_Y	ANALYSIS_WORK	BREAK_STRAIN(*)(#)	BREAK_LOAD	TENSILE_STRENGTH
1	4385.4	2.9980e+001	-7.09E-04	-4.85E+06	0.000e+000	1.228e-002	2.001e-001	6.488e+000	8.005e-001	6.488e+000	5.070e-006	63.276	9.075e-001	2.069e+002
2	3868.2	3.0260e+001	6.692e-001	5.235e+009	3.115e-007	7.983e-003	2.644e-001	1.928e+001	8.592e-001	5.110e+001	2.433e-005	47.323	7.574e-001	1.958e+002
3	4399.2	3.0550e+001	7.032e-001	4.883e+009	4.219e-007	7.377e-003	2.619e-001	1.829e+001	8.183e-001	4.594e+001	2.465e-005	42.455	7.172e-001	1.630e+002
4	3192.7	3.0400e+001	5.351e-001	5.095e+009	0.000e+000	8.829e-003	2.303e-001	2.013e+001	8.553e-001	5.132e+001	2.179e-005	58.717	6.828e-001	2.139e+002
5	2545.4	3.0680e+001	4.851e-001	5.847e+009	0.000e+000	5.912e-003	2.934e-001	2.582e+001	8.149e-001	5.569e+001	1.690e-005	49.087	5.435e-001	2.135e+002
6	2314.7	3.0360e+001	3.973e-001	5.211e+009	0.000e+000	5.492e-003	2.306e-001	2.564e+001	8.893e-001	5.997e+001	2.011e-005	52.569	4.812e-001	2.079e+002
7	4072.7	3.0190e+001	7.256e-001	5.379e+009	0.000e+000	7.074e-003	2.319e-001	1.795e+001	8.612e-001	5.143e+001	2.699e-005	46.472	6.490e-001	1.593e+002
8	2854.3	3.0100e+001	4.502e-001	4.748e+009	8.830e-008	5.756e-003	2.658e-001	1.976e+001	8.638e-001	4.829e+001	1.727e-005	49.236	5.195e-001	1.820e+002
9	2616.5	3.0450e+001	4.663e-001	5.427e+009	0.000e+000	4.062e-003	2.299e-001	2.418e+001	8.539e-001	5.737e+001	2.049e-005	39.672	4.184e-001	1.599e+002
10	4596.6	3.0300e+001	8.190e-001	5.399e+009	2.943e-008	5.937e-003	2.640e-001	1.974e+001	8.251e-001	4.994e+001	2.702e-005	33.465	6.867e-001	1.494e+002
11	4439	3.0170e+001	7.970e-001	5.417e+009	0.000e+000	9.758e-003	2.320e-001	1.702e+001	8.618e-001	5.028e+001	2.850e-005	49.088	9.114e-001	2.053e+002
12	3813.9	3.0080e+001	7.641e-001	6.026e+009	9.811e-009	6.853e-003	2.327e-001	1.865e+001	8.644e-001	5.672e+001	2.745e-005	40.858	7.432e-001	1.949e+002
13	2164.4	3.0150e+001	3.926e-001	5.468e+009	0.000e+000	5.998e-003	2.653e-001	2.538e+001	8.624e-001	5.824e+001	1.673e-005	57.313	4.915e-001	2.271e+002
14	5105.2	3.0260e+001	9.180e-001	5.441e+009	0.000e+000	1.188e-002	2.644e-001	2.018e+001	8.592e-001	5.314e+001	3.349e-005	53.272	1.006e+000	1.970e+002
15	2850.5	3.0430e+001	5.638e-001	6.019e+009	0.000e+000	6.794e-003	2.300e-001	2.358e+001	8.216e-001	5.868e+001	2.109e-005	47.059	6.441e-001	2.260e+002
16	5590.7	3.0140e+001	1.016e+000	5.475e+009	2.158e-007	1.689e-003	2.654e-001	1.667e+001	8.626e-001	4.922e+001	3.255e-005	9.157	7.000e-001	1.252e+002
17	3773.8	3.0170e+001	6.626e-001	5.298e+009	1.962e-008	6.706e-003	2.320e-001	1.781e+001	8.618e-001	5.082e+001	2.463e-005	44.249	6.470e-001	1.715e+002
18	5600.2	3.0340e+001	9.366e-001	5.074e+009	0.000e+000	1.062e-002	2.966e-001	1.936e+001	8.570e-001	4.853e+001	3.257e-005	46.737	1.004e+000	1.793e+002
19	3785.8	3.0310e+001	6.913e-001	5.535e+009	2.943e-008	1.007e-002	2.309e-001	1.892e+001	8.578e-001	5.416e+001	2.633e-005	57.638	7.932e-001	2.095e+002
20	5560.9	3.0380e+001	9.061e-001	4.950e+009	-8.83E-08	1.350e-002	2.304e-001	1.464e+001	8.229e-001	4.384e+001	2.883e-005	59.842	1.018e+000	1.830e+002
21														
22	3352.4	3.0060e+001	5.936e-001	5.323e+009	2.943e-008	6.889e-003	2.329e-001	1.917e+001	8.649e-001	5.297e+001	2.344e-005	44.977	6.941e-001	2.070e+002
23	4582.7	3.0520e+001	7.557e-001	5.033e+009	6.622e-008	1.028e-002	2.621e-001	1.852e+001	8.191e-001	4.624e+001	2.538e-005	51.212	8.864e-001	1.934e+002
24	2384.3	3.0110e+001	4.353e-001	5.498e+009	0.000e+000	5.641e-003	2.325e-001	2.325e+001	8.303e-001	5.678e+001	1.748e-005	53.072	4.930e-001	2.068e+002
25	3004.4	3.0070e+001	5.452e-001	5.457e+009	0.000e+000	5.755e-003	2.328e-001	2.188e+001	8.314e-001	5.437e+001	2.065e-005	44.729	5.695e-001	1.896e+002
26	3288	3.0360e+001	5.708e-001	5.271e+009	0.000e+000	7.184e-003	2.306e-001	1.969e+001	8.235e-001	5.013e+001	2.067e-005	48.584	6.578e-001	2.001e+002
27	2612.7	3.0380e+001	4.581e-001	5.327e+009	5.396e-008	7.099e-003	2.304e-001	2.046e+001	8.229e-001	5.238e+001	1.723e-005	56.715	5.788e-001	2.215e+002
28	3397.1	3.0070e+001	6.342e-001	5.614e+009	4.905e-008	6.734e-003	2.328e-001	1.776e+001	8.314e-001	5.112e+001	2.104e-005	48.454	5.837e-001	1.718e+002
29	4781.6	3.0250e+001	7.902e-001	4.999e+009	0.000e+000	5.681e-004	2.314e-001	1.682e+001	8.595e-001	4.822e+001	3.011e-005	4.43	6.053e-001	1.266e+002
30	4061.5	3.0450e+001	8.040e-001	6.028e+009	5.886e-008	4.150e-003	2.627e-001	2.222e+001	8.867e-001	6.003e+001	3.222e-005	24.007	6.298e-001	1.551e+002
31	3534.9	2.9980e+001	5.776e-002	4.899e+008	0.000e+000	4.378e-006	2.001e-001	1.138e+001	8.339e-001	1.235e+001	7.934e-006	0.367	3.973e-002	1.124e+001
32	5585	3.0240e+001	8.792e-001	4.760e+009	9.320e-008	1.410e-002	2.315e-001	1.247e+001	8.598e-001	4.128e+001	2.800e-005	58.399	1.082e+000	1.938e+002
33	4167.7	3.0240e+001	7.734e-001	5.612e+009	7.849e-008	1.026e-002	2.646e-001	2.177e+001	8.598e-001	5.508e+001	2.926e-005	53.175	8.761e-001	2.102e+002
34	3352.7	3.0500e+001	5.664e-001	5.153e+009	0.000e+000	3.672e-004	2.295e-001	1.858e+001	8.852e-001	5.194e+001	2.356e-005	4.295	3.851e-001	1.149e+002
35	3340.3	3.0360e+001	6.375e-001	5.795e+009	0.000e+000	8.943e-003	2.306e-001	2.423e+001	8.893e-001	6.271e+001	2.987e-005	54.315	7.549e-001	2.260e+002
36	2835.5	3.0300e+001	5.139e-001	5.492e+009	0.000e+000	5.837e-003	2.640e-001	2.232e+001	8.251e-001	5.276e+001	1.844e-005	47.492	5.342e-001	1.884e+002
37	2489.2	3.0630e+001	4.689e-001	5.770e+009	0.000e+000	5.862e-003	2.612e-001	2.463e+001	8.488e-001	5.833e+001	1.856e-005	54.848	4.719e-001	1.896e+002
38	3954.7	3.0320e+001	7.956e-001	6.100e+009	5.396e-008	8.180e-003	2.639e-001	2.096e+001	8.245e-001	5.507e+001	2.529e-005	45.646	7.932e-001	2.006e+002
39	4040.4	3.0430e+001	7.047e-001	5.307e+009	0.000e+000	6.313e-003	2.300e-001	2.040e+001	8.216e-001	5.220e+001	2.670e-005	38.055	6.951e-001	1.720e+002
40	4196.9	3.0360e+001	7.258e-001	5.250e+009	1.987e-007	9.932e-003	2.306e-001	1.823e+001	8.893e-001	5.283e+001	3.069e-005	54.315	8.050e-001	1.918e+002
41	4053.2	3.0100e+001	7.270e-001	5.399e+009	3.924e-008	8.905e-003	2.326e-001	1.634e+001	8.306e-001	4.914e+001	2.344e-005	53.123	7.402e-001	1.826e+002
42	3535.4	2.9980e+001	-1.38E-05	-1.17E+05	0.000e+000	4.022e-003	2.001e-001	1.207e+001	8.005e-001	1.207e+001	7.633e-006	30.787	5.170e-001	1.462e+002
43	5060.3	3.0120e+001	8.161e-001	4.858e+009	0.000e+000	1.437e-002	2.324e-001	1.687e+001	8.632e-001	4.779e+001	3.102e-005	58.234	1.178e+000	2.328e+002
44	7023.2	3.0070e+001	1.291e+000	5.526e+009	5.568e-007	2.060e-002	2.660e-001	1.578e+001	8.314e-001	4.777e+001	3.882e-005	61.257	1.568e+000	2.232e+002
45	4770.3	3.0150e+001	8.876e-001	5.610e+009	3.900e-007	9.568e-003	2.653e-001	1.861e+001	8.624e-001	5.244e+001	3.143e-005	46.899	9.060e-001	1.899e+002
46	3813.6	3.0320e+001	7.307e-001	5.810e+009	-4.91E-09	8.722e-003	2.639e-001	2.109e+001	8.245e-001	5.364e+001	2.399e-005	48.747	8.231e-001	2.158e+002
47	4060.1	3.0550e+001	7.261e-001	5.464e+009	1.766e-007	1.067e-002	2.619e-001	1.897e+001	8.183e-001	5.002e+001	2.443e-005	57.741	8.359e-001	2.059e+002
48	3123.1	3.0520e+001	5.901e-001	5.766e+009	-7.36E-09	7.088e-003	2.621e-001	2.325e+001	8.191e-001	5.497e+001	2.072e-005	48.526	6.603e-001	2.114e+002
49	3843.5	3.0300e+001	7.409e-001	5.841e+009	0.000e+000	9.667e-003	2.640e-001	2.106e+001	8.251e-001	5.335e+001	2.458e-005	50.957	8.810e-001	2.292e+002
50	3857.9	3.0090e+001	7.130e-001	5.561e+009	0.000e+000	9.566e-003	2.326e-001	2.022e+001	8.308e-001	5.328e+001	2.532e-005	54.57	7.883e-001	2.043e+002
51	3486.4	3.0320e+001	5.951e-001	5.176e+009	6.377e-007	8.417e-003	2.968e-001	1.942e+001	8.575e-001	4.770e+001	1.972e-005	54.354	6.990e-001	2.005e+002
52	3788.8	3.0240e+001	6.983e-001	5.574e+009	4.513e-007	9.831e-003	2.646e-001	1.580e+001	8.598e-001	4.946e+001	2.230e-005	55.489	7.863e-001	2.075e+002
53	3323.5	3.0550e+001	5.715e-001	5.254e+009	0.000e+000	7.809e-003	2.619e-001	2.184e+001	8.511e-001	5.166e+001	2.212e-005	52.046	6.519e-001	1.962e+002
54	2834.5	3.0340e+001	5.077e-001	5.434e+009	0.000e+000	6.654e-003	2.966e-001	2.579e+001	8.570e-001	5.659e+001	1.991e-005	56.526	5.160e-001	1.821e+002
55	2849.9	3.0320e+001	5.291e-001	5.629e+009	0.000e+000	5.947e-003	2.639e-001	2.668e+001	8.245e-001	5.818e+001	2.036e-005	47.394	5.666e-001	1.988e+002
56	3461.7	3.0030e+001	6.860e-001	5.951e+009	6.867e-008	8.654e-003	2.331e-001	1.856e+001	8.325e-001	5.427e+001	2.318e-005	53.879	7.348e-001	2.123e+002
57	3906.2	3.0090e+001	7.483e-001	5.765e+009	-3.92E-08	8.248e-003	2.326e-001	1.921e+001	8.308e-001	5.400e+001	2.574e-005	47.358	7.863e-001	2.013e+002
58	4463.6	3.0110e+001	7.030e-001	4.742e+009	-4.91E-09	1.214e-004	2.657e-001	1.714e+001	8.303e-001	4.352e+001	2.278e-005	1.893	3.581e-001	8.022e+001
59	3390.3	3.0430e+001	6.680e-001	5.996e+009	1.889e-007	8.505e-003	2.300e-001	2.112e+001	8.216e-001	5.759e+001	2.425e-005	54.913	6.784e-001	2.001e+002
60	3516.6	3.0070e+001	7.203e-001	6.159e+009	0.000e+000	8.194e-003	2.660e-001	2.232e+001	8.314e-001	5.747e+001	2.440e-005	49.385	7.427e-001	2.112e+002
61	4188.4	3.0060e+001	7.053e-001	5.062e+009	4.341e-007	8.740e-003	2.329e-001	1.347e+001	8.317e-001	4.462e+001	2.146e-005	49.634	7.750e-001	1.850e+002
62	3579.4	3.0090e+001	6.899e-001	5.800e+009	2.698e-008	6.603e-003	2.326e-001	1.919e+001	8.308e-001	5.413e+001	2.372e-005	42.905	6.676e-001	1.865e+002
63	2262.5	3.0500e+001	3.657e-001	4.930e+009	7.358e-009	4.440e-003	2.623e-001	2.298e+001	8.852e-001	5.377e+001	1.673e-005	50.918	3.733e-001	1.650e+002
64	2500.3	3.0060e+001	5.168e-001	6.213e+009	6.867e-008	5.498e-003	2.329e-001	2.119e+001	8.649e-001	6.003e+001	1.938e-005	45.576	5.337e-001	2.135e+002
65	3221.9	3.0260e+001	6.462e-001	6.069e+009	0.000e+000	6.106e-003	2.644e-001	2.375e+001	8.592e-001	6.060e+001	2.441e-005	43.06	6.181e-001	1.918e+002
66	3892.1	3.0070e+001	7.155e-001	5.528e+009	2.330e-007	8.702e-003	2.660e-001	1.979e+001	8.314e-001	5.155e+001	2.399e-005	52.91	7.343e-001	1.887e+002
67	3209.6	3.0400e+001	5.600e-001	5.304e+009	2.943e-008	7.817e-003	2.303e-001	1.819e+001	8.224e-001	4.982e+001	1.906e-005	54.671	6.338e-001	1.975e+002
68	4315.7	3.0400e+001	7.662e-001	5.397e+009	5.960e-007	7.740e-003	2.632e-001	1.523e+001	8.224e-001	4.637e+001	2.263e-005	43.355	7.520e-001	1.742e+002
69	4866.6	3.0430e+001	8.713e-001	5.448e+009	0.000e+000	9.069e-003	2.300e-001	2.076e+001	8.216e-001	5.342e+001	3.272e-005	44.167	9.168e-001	1.884e+002
70	3909.2	3.0080e+001	7.928e-001	6.101e+009	0.000e+000	8.928e-003	2.327e-001	2.121e+001	8.644e-001	5.998e+001	3.068e-005	46.443	9.119e-001	2.333e+002
71	4436.6	3.0160e+001	7.792e-001	5.297e+009	1.938e-007	1.620e-003	2.321e-001	1.625e+001	8.289e-001	4.810e+001	2.639e-005	11.439	5.087e-001	1.147e+002
72	5016.2	3.0340e+001	7.459e-001	4.511e+009	8.094e-007	1.213e-002	2.637e-001	8.410e+000	8.570e-001	3.511e+001	1.815e-005	53.065	1.024e+000	2.041e+002
73	4849.2	3.0080e+001	8.134e-001	5.046e+009	4.881e-007	1.121e-002	2.327e-001	1.295e+001	8.644e-001	4.542e+001	2.732e-005	49.535	1.045e+000	2.155e+002
74														
75	3980.8	3.0090e+001	6.548e-001	4.950e+009	4.905e-009	8.368e-003	2.326e-001	1.700e+001	8.308e-001	4.633e+001	2.296e-005	47.557	7.922e-001	1.990e+002
76	3342.7	3.0050e+001	6.055e-001	5.443e+009	2.453e-009	8.488e-003	2.329e-001	1.878e+001	8.319e-001	5.107e+001	2.116e-005	53.577	7.520e-001	2.250e+002
77	2735.9	3.0260e+001	5.338e-001	5.903e+009	7.849e-008	4.193e-003	2.644e-001	2.456e+001	8.592e-001	6.006e+001	2.103e-005	37.442	4.601e-001	1.682e+002
78	4759.4	3.0080e+001	8.779e-001	5.548e+009	5.294e-021	9.330e-003	2.660e-001	1.969e+001	8.644e-001	5.380e+001	3.191e-005	44.315	9.570e-001	2.011e+002
79														
80	4024.8	3.0570e+001	7.031e-001	5.340e+009	0.000e+000	7.200e-003	2.617e-001	2.072e+001	8.505e-001	5.216e+001	2.642e-005	42.002	7.466e-001	1.855e+002
81	3779.1	3.0380e+001	6.620e-001	5.322e+009	7.358e-008	7.837e-003	2.304e-001	1.661e+001	8.229e-001	4.777e+001	2.171e-005	46.939	7.324e-001	1.938e+002
82	4383.6	3.0360e+001	7.505e-001	5.198e+009	2.502e-007	1.043e-002	2.306e-001	1.511e+001	8.893e-001	4.946e+001	2.897e-005	53.36	8.947e-001	2.041e+002
83	4607.8	3.0170e+001	8.560e-001	5.605e+009	2.722e-007	9.394e-003	2.320e-001	1.597e+001	8.618e-001	5.057e+001	2.940e-005	44.05	9.865e-001	2.141e+002
84	2236.4	3.0360e+001	4.193e-001	5.692e+009	0.000e+000	4.264e-003	2.306e-001	2.413e+001	8.893e-001	6.142e+001	1.928e-005	44.532	4.145e-001	1.853e+002
85	3244	3.0450e+001	5.613e-001	5.269e+009	0.000e+000	1.649e-003	2.299e-001	1.920e+001	8.539e-001	5.171e+001	2.179e-005	14.745	4.282e-001	1.320e+002
86	3124.9	3.0300e+001	6.006e-001	5.823e+009	0.000e+000	6.796e-003	2.640e-001	2.339e+001	8.251e-001	5.557e+001	2.125e-005	49.604	6.029e-001	1.929e+002
87	3975.3	3.0150e+001	7.233e-001	5.486e+009	0.000e+000	1.013e-002	2.322e-001	2.024e+001	8.624e-001	5.429e+001	2.810e-005	56.75	8.045e-001	2.024e+002
88	2550.4	3.0360e+001	4.739e-001	5.641e+009	5.494e-007	7.154e-003	2.306e-001	1.366e+001	8.893e-001	5.058e+001	1.683e-005	56.983	5.769e-001	2.262e+002
89	3751.8	3.0040e+001	7.377e-001	5.907e+009	3.434e-008	9.737e-003	2.330e-001	1.909e+001	8.655e-001	5.635e+001	2.752e-005	53.063	8.673e-001	2.312e+002
90	4110.2	3.0200e+001	7.088e-001	5.208e+009	0.000e+000	8.274e-003	2.318e-001	1.886e+001	8.609e-001	5.180e+001	2.868e-005	44.536	8.619e-001	2.097e+002
91	3480.4	3.0410e+001	6.150e-001	5.374e+009	0.000e+000	9.053e-003	2.302e-001	2.269e+001	8.221e-001	5.426e+001	2.418e-005	58.698	7.059e-001	2.028e+002
92	2432.8	3.0450e+001	4.480e-001	5.608e+009	1.300e-007	5.193e-003	2.627e-001	2.500e+001	8.539e-001	5.847e+001	1.847e-005	46.01	5.214e-001	2.143e+002
93	3654.2	3.0520e+001	6.169e-001	5.153e+009	-2.94E-08	1.928e-004	2.621e-001	2.175e+001	8.191e-001	5.021e+001	2.262e-005	2.556	4.037e-001	1.105e+002
94	2951	3.0300e+001	5.563e-001	5.712e+009	0.000e+000	6.862e-003	2.640e-001	2.593e+001	8.251e-001	5.785e+001	2.129e-005	48.449	6.137e-001	2.079e+002
95	4258	3.0430e+001	7.843e-001	5.605e+009	2.404e-007	9.562e-003	2.300e-001	1.935e+001	8.216e-001	5.265e+001	2.759e-005	47.585	8.682e-001	2.039e+002
96	2794	3.0400e+001	5.565e-001	6.055e+009	5.151e-008	5.252e-003	2.632e-001	2.493e+001	8.553e-001	6.110e+001	2.223e-005	40.296	5.734e-001	2.052e+002
97	4065.7	3.0130e+001	6.922e-001	5.130e+009	1.079e-007	9.096e-003	2.655e-001	1.991e+001	8.297e-001	4.898e+001	2.357e-005	49.32	8.579e-001	2.110e+002
98	6528	3.0240e+001	1.191e+000	5.515e+009	2.060e-007	1.457e-002	2.646e-001	1.879e+001	8.598e-001	5.132e+001	4.189e-005	51.257	1.300e+000	1.991e+002
99	4134.1	3.0500e+001	7.531e-001	5.556e+009	0.000e+000	9.734e-003	2.295e-001	1.982e+001	8.852e-001	5.553e+001	3.109e-005	49.967	9.060e-001	2.192e+002
100	4019	3.0220e+001	7.941e-001	5.971e+009	2.502e-007	6.502e-003	2.647e-001	1.965e+001	8.273e-001	5.322e+001	2.490e-005	39.974	6.760e-001	1.682e+002