RECORD	MEAN AREA	ESTIMATED_LENGTH(*)	GRADIENT(*)	EMOD(*)(#)	DECRIMPING_WORK	EXTENSION_WORK	START_X(*)	START_Y	END_X(*)	END_Y	ANALYSIS_WORK	BREAK_STRAIN(*)(#)	BREAK_LOAD	TENSILE_STRENGTH
1	4174.7	3.0160e+001	8.669e-001	6.263e+009	3.679e-008	8.674e-003	2.653e-001	2.221e+001	8.952e-001	6.098e+001	3.323e-005	42.772	8.565e-001	2.052e+002
2	5508.4	3.0650e+001	1.028e+000	5.719e+009	7.726e-007	1.386e-002	2.936e-001	1.514e+001	9.135e-001	4.987e+001	3.461e-005	53.409	1.107e+000	2.009e+002
3	5029.6	2.9980e+001	1.139e-003	6.791e+006	0.000e+000	1.203e-002	2.001e-001	3.999e+000	8.005e-001	4.096e+000	3.524e-006	49.466	1.121e+000	2.230e+002
4	4505.9	3.0210e+001	7.655e-001	5.132e+009	5.420e-007	1.313e-003	2.317e-001	1.285e+001	8.606e-001	4.507e+001	2.408e-005	8.176	6.578e-001	1.460e+002
5	3441.1	3.0380e+001	6.185e-001	5.460e+009	9.811e-009	8.307e-003	2.304e-001	1.953e+001	8.229e-001	5.203e+001	2.241e-005	49.967	7.162e-001	2.081e+002
6	3898.5	3.0340e+001	6.884e-001	5.357e+009	1.202e-007	6.866e-003	2.966e-001	2.051e+001	8.570e-001	5.108e+001	2.366e-005	38.266	7.613e-001	1.953e+002
7	5084.8	3.0280e+001	1.003e+000	5.973e+009	0.000e+000	9.775e-003	2.642e-001	2.267e+001	8.917e-001	5.962e+001	4.002e-005	40.654	1.050e+000	2.065e+002
8														
9	3008.3	3.0240e+001	5.943e-001	5.974e+009	1.570e-007	5.274e-003	2.646e-001	2.332e+001	8.598e-001	5.854e+001	2.218e-005	37.731	5.744e-001	1.909e+002
10	6883	3.0210e+001	1.221e+000	5.359e+009	3.434e-007	1.368e-002	2.317e-001	1.404e+001	8.937e-001	4.910e+001	4.382e-005	44.455	1.350e+000	1.962e+002
11	5073.2	3.0320e+001	9.014e-001	5.387e+009	5.200e-007	1.185e-002	2.639e-001	1.402e+001	8.245e-001	4.399e+001	2.459e-005	50.66	1.015e+000	2.001e+002
12	3697	3.0100e+001	7.110e-001	5.788e+009	0.000e+000	7.960e-003	2.326e-001	2.123e+001	8.638e-001	5.732e+001	2.734e-005	45.183	7.795e-001	2.108e+002
13	4632	3.0550e+001	8.534e-001	5.629e+009	4.170e-007	1.158e-002	2.619e-001	1.631e+001	8.183e-001	4.818e+001	2.595e-005	54.108	9.384e-001	2.026e+002
14	4435.1	3.0090e+001	8.127e-001	5.514e+009	0.000e+000	1.274e-002	2.326e-001	2.035e+001	8.308e-001	5.298e+001	2.922e-005	55.932	1.060e+000	2.390e+002
15	2683.6	3.0340e+001	5.327e-001	6.023e+009	2.232e-007	5.675e-003	2.307e-001	2.102e+001	8.899e-001	6.014e+001	2.212e-005	42.518	5.950e-001	2.217e+002
16	4687.3	3.0060e+001	7.665e-001	4.916e+009	1.128e-007	1.122e-002	2.329e-001	1.517e+001	8.649e-001	4.594e+001	2.710e-005	51.564	9.899e-001	2.112e+002
17	5140.2	3.0320e+001	1.007e+000	5.938e+009	4.415e-008	1.474e-002	2.639e-001	1.842e+001	8.245e-001	5.182e+001	3.042e-005	57.223	1.150e+000	2.237e+002
18														
19	5784.8	3.0130e+001	1.039e+000	5.409e+009	8.756e-007	3.026e-003	2.655e-001	1.442e+001	8.297e-001	4.571e+001	2.988e-005	14.271	7.961e-001	1.376e+002
20	2570.1	3.0070e+001	5.537e-001	6.478e+009	6.377e-008	5.081e-003	2.660e-001	2.538e+001	8.314e-001	6.260e+001	1.970e-005	42.035	5.013e-001	1.951e+002
21	3614.9	3.0500e+001	5.651e-001	4.768e+009	1.202e-007	9.087e-003	2.295e-001	1.493e+001	8.852e-001	4.559e+001	2.188e-005	55.902	7.054e-001	1.951e+002
22	3313	3.0380e+001	5.972e-001	5.476e+009	1.472e-008	7.983e-003	2.304e-001	1.910e+001	8.229e-001	5.123e+001	2.130e-005	50.955	7.113e-001	2.147e+002
23	5287.9	3.0110e+001	9.568e-001	5.448e+009	0.000e+000	9.524e-003	2.657e-001	1.976e+001	8.303e-001	5.065e+001	3.188e-005	40.485	1.040e+000	1.968e+002
24	3589.4	3.0360e+001	6.854e-001	5.797e+009	4.905e-009	8.153e-003	2.306e-001	2.009e+001	8.893e-001	5.808e+001	2.867e-005	49.506	7.481e-001	2.084e+002
25	4169	3.0360e+001	7.042e-001	5.128e+009	1.913e-007	1.048e-002	2.306e-001	1.483e+001	8.235e-001	4.448e+001	2.240e-005	51.647	9.595e-001	2.301e+002
26	5328.9	3.0280e+001	9.751e-001	5.541e+009	1.226e-007	1.112e-002	2.642e-001	1.731e+001	8.256e-001	4.879e+001	2.997e-005	45.145	1.092e+000	2.050e+002
27														
28	3590	3.0570e+001	6.016e-001	5.123e+009	1.104e-007	8.154e-003	2.944e-001	2.186e+001	8.505e-001	5.083e+001	2.246e-005	50.572	6.980e-001	1.944e+002
29	4188.6	3.0320e+001	8.515e-001	6.164e+009	4.905e-009	1.052e-002	2.639e-001	2.225e+001	8.245e-001	5.715e+001	2.808e-005	51.649	9.148e-001	2.184e+002
30	3060	3.0450e+001	5.894e-001	5.865e+009	0.000e+000	6.171e-003	2.299e-001	2.228e+001	8.539e-001	5.851e+001	2.338e-005	44.072	6.210e-001	2.029e+002
31	2312.9	3.0620e+001	4.584e-001	6.069e+009	0.000e+000	5.664e-003	2.939e-001	3.160e+001	8.818e-001	6.723e+001	2.059e-005	49.771	5.214e-001	2.254e+002
32	4598.5	3.0110e+001	7.788e-001	5.100e+009	0.000e+000	8.616e-003	2.657e-001	1.995e+001	8.303e-001	4.822e+001	2.664e-005	44.736	8.594e-001	1.869e+002
33	2292.2	3.0300e+001	3.885e-001	5.136e+009	0.000e+000	5.535e-003	2.640e-001	2.547e+001	8.251e-001	5.307e+001	1.531e-005	51.353	4.949e-001	2.159e+002
34	2967.4	3.0750e+001	5.372e-001	5.567e+009	3.679e-007	7.937e-003	2.927e-001	2.132e+001	8.455e-001	5.191e+001	1.823e-005	55.057	6.372e-001	2.147e+002
35	5965.7	3.0410e+001	1.070e+000	5.455e+009	5.715e-007	9.789e-003	2.302e-001	1.571e+001	8.221e-001	4.761e+001	3.442e-005	40.645	1.007e+000	1.687e+002
36	3246.1	3.0340e+001	6.227e-001	5.820e+009	9.811e-009	5.682e-003	2.307e-001	2.176e+001	8.570e-001	5.909e+001	2.525e-005	40.211	6.038e-001	1.860e+002
37	3578	3.0830e+001	5.418e-001	4.669e+009	2.551e-007	8.819e-003	2.271e-001	1.398e+001	9.082e-001	4.552e+001	2.255e-005	49.886	7.952e-001	2.222e+002
38	2891.1	3.1070e+001	4.832e-001	5.193e+009	-9.81E-09	1.019e-004	2.253e-001	2.206e+001	8.690e-001	5.531e+001	2.239e-005	1.931	2.919e-001	1.010e+002
39	4967.4	3.0450e+001	9.328e-001	5.718e+009	8.094e-008	1.161e-002	2.627e-001	1.876e+001	8.539e-001	5.372e+001	3.251e-005	49.458	1.075e+000	2.165e+002
40	3700.1	3.0320e+001	6.560e-001	5.375e+009	0.000e+000	5.199e-003	2.639e-001	2.174e+001	8.245e-001	5.157e+001	2.298e-005	35.092	5.538e-001	1.497e+002
41	5749.8	3.0450e+001	1.070e+000	5.665e+009	0.000e+000	1.100e-002	2.299e-001	2.022e+001	8.539e-001	5.486e+001	4.064e-005	43.317	1.101e+000	1.915e+002
42	3756.6	3.0900e+001	7.002e-001	5.760e+009	0.000e+000	5.944e-003	2.265e-001	1.998e+001	9.061e-001	5.863e+001	3.126e-005	37.67	6.431e-001	1.712e+002
43	3660.7	3.0830e+001	6.867e-001	5.783e+009	1.913e-007	8.140e-003	2.271e-001	1.782e+001	9.082e-001	5.722e+001	2.955e-005	46.675	7.711e-001	2.106e+002
44	6132	3.0830e+001	1.123e+000	5.646e+009	2.624e-007	1.330e-002	3.244e-001	2.064e+001	9.082e-001	5.296e+001	4.135e-005	47.811	1.214e+000	1.979e+002
45	4230	3.0310e+001	8.092e-001	5.799e+009	8.830e-008	6.747e-003	2.309e-001	1.705e+001	8.578e-001	5.404e+001	2.895e-005	38.964	7.309e-001	1.728e+002
46	3375.3	3.0770e+001	6.852e-001	6.246e+009	0.000e+000	6.623e-003	2.925e-001	2.907e+001	8.775e-001	6.569e+001	2.894e-005	41.436	6.622e-001	1.962e+002
47	4667.7	3.0890e+001	9.307e-001	6.159e+009	4.022e-007	1.169e-002	2.590e-001	1.986e+001	8.093e-001	5.444e+001	2.967e-005	52.412	9.791e-001	2.098e+002
48	5045.3	3.0550e+001	8.940e-001	5.413e+009	5.886e-008	9.308e-003	2.619e-001	1.857e+001	8.183e-001	4.890e+001	2.888e-005	43.044	9.443e-001	1.872e+002
49	3864.6	3.0470e+001	7.321e-001	5.772e+009	6.622e-008	6.925e-003	2.626e-001	2.005e+001	8.861e-001	5.661e+001	2.856e-005	42.632	6.813e-001	1.763e+002
50	4610.2	3.0300e+001	7.819e-001	5.139e+009	0.000e+000	9.663e-003	2.640e-001	1.883e+001	8.251e-001	4.756e+001	2.582e-005	48.68	8.810e-001	1.911e+002
51	3452.4	3.0470e+001	5.258e-001	4.640e+009	3.777e-007	8.837e-003	2.626e-001	1.705e+001	8.861e-001	4.561e+001	2.023e-005	53.561	7.510e-001	2.175e+002
52	3943.7	3.0600e+001	7.335e-001	5.691e+009	-2.21E-08	9.042e-003	2.614e-001	2.177e+001	8.497e-001	5.535e+001	2.737e-005	48.529	8.447e-001	2.142e+002
53	2848.8	3.0240e+001	5.537e-001	5.877e+009	0.000e+000	4.150e-003	2.646e-001	2.445e+001	8.598e-001	5.872e+001	2.142e-005	35.648	4.763e-001	1.672e+002
54	4894.9	3.0080e+001	8.721e-001	5.360e+009	6.156e-007	4.536e-003	2.327e-001	1.323e+001	8.644e-001	4.770e+001	2.882e-005	26.097	6.539e-001	1.336e+002
55	4691.7	3.0220e+001	9.747e-001	6.278e+009	3.139e-007	9.104e-003	2.647e-001	1.997e+001	8.273e-001	5.541e+001	3.006e-005	41.529	9.870e-001	2.104e+002
56	2557	3.0360e+001	4.674e-001	5.550e+009	3.409e-007	6.636e-003	2.306e-001	8.633e+000	8.893e-001	4.470e+001	1.387e-005	55.072	5.357e-001	2.095e+002
57	4610.4	3.0090e+001	8.471e-001	5.529e+009	0.000e+000	1.180e-002	2.326e-001	2.000e+001	8.308e-001	5.352e+001	3.091e-005	54.337	1.007e+000	2.183e+002
58	5762	3.0650e+001	1.007e+000	5.355e+009	9.860e-007	1.046e-002	2.936e-001	1.396e+001	9.135e-001	4.648e+001	3.344e-005	41.794	1.100e+000	1.909e+002
59	4277	2.9980e+001	6.562e-003	4.600e+007	0.000e+000	9.769e-003	2.335e-001	1.411e+001	8.339e-001	1.434e+001	1.094e-005	49.466	8.781e-001	2.053e+002
60	4791.8	2.9980e+001	3.454e-001	2.161e+009	6.818e-007	8.309e-003	2.001e-001	9.623e+000	8.339e-001	2.488e+001	1.209e-005	39.126	9.276e-001	1.936e+002
61	4788.7	3.0230e+001	9.582e-001	6.049e+009	8.094e-008	1.051e-002	2.316e-001	1.844e+001	8.270e-001	5.398e+001	3.187e-005	47.106	1.008e+000	2.104e+002
62	3774.1	3.0260e+001	6.627e-001	5.313e+009	1.324e-007	6.505e-003	2.644e-001	1.924e+001	8.592e-001	5.121e+001	2.388e-005	43.622	6.107e-001	1.618e+002
63	2912.8	3.0630e+001	5.571e-001	5.858e+009	0.000e+000	8.469e-003	2.612e-001	2.610e+001	8.488e-001	6.063e+001	2.261e-005	58.309	6.647e-001	2.282e+002
64	2801.9	3.0600e+001	5.174e-001	5.651e+009	4.513e-007	5.655e-003	2.614e-001	1.751e+001	8.497e-001	5.042e+001	1.709e-005	43.562	5.695e-001	2.033e+002
65	3380.5	3.0190e+001	6.749e-001	6.027e+009	2.453e-008	7.569e-003	2.319e-001	1.988e+001	8.612e-001	5.717e+001	2.479e-005	47.864	7.069e-001	2.091e+002
66	2949.4	3.0900e+001	5.722e-001	5.995e+009	0.000e+000	6.543e-003	2.265e-001	2.511e+001	9.061e-001	6.636e+001	2.887e-005	45.372	6.382e-001	2.164e+002
67	3318.1	3.0280e+001	5.610e-001	5.119e+009	0.000e+000	7.109e-005	2.642e-001	2.158e+001	8.917e-001	5.381e+001	2.415e-005	1.519	2.693e-001	8.116e+001
68	2263.5	3.0450e+001	4.713e-001	6.341e+009	0.000e+000	5.987e-003	2.299e-001	2.731e+001	8.539e-001	6.566e+001	2.002e-005	49.458	5.362e-001	2.369e+002
69	3254.3	3.0160e+001	5.505e-001	5.102e+009	0.000e+000	7.505e-003	2.653e-001	2.110e+001	8.952e-001	5.246e+001	2.294e-005	47.812	7.515e-001	2.309e+002
70	3554.9	3.0260e+001	6.057e-001	5.156e+009	2.453e-008	8.231e-003	2.644e-001	1.932e+001	8.923e-001	5.119e+001	2.416e-005	53.305	6.755e-001	1.900e+002
71														
72	3961	3.0410e+001	7.559e-001	5.804e+009	0.000e+000	1.136e-002	2.960e-001	2.749e+001	8.221e-001	5.821e+001	2.766e-005	57.909	8.839e-001	2.232e+002
73	4415.9	3.0170e+001	7.525e-001	5.141e+009	1.423e-007	8.766e-003	2.320e-001	1.477e+001	8.618e-001	4.677e+001	2.573e-005	45.045	8.575e-001	1.942e+002
74	4397.2	3.0110e+001	8.218e-001	5.628e+009	0.000e+000	8.294e-003	2.325e-001	1.874e+001	8.303e-001	5.310e+001	2.907e-005	42.046	9.006e-001	2.048e+002
75	2788.3	3.0400e+001	5.104e-001	5.565e+009	1.472e-007	6.012e-003	2.632e-001	2.463e+001	8.553e-001	5.806e+001	2.127e-005	50.066	5.205e-001	1.867e+002