RECORD	MEAN AREA	ESTIMATED_LENGTH(*)	GRADIENT(*)	EMOD(*)(#)	DECRIMPING_WORK	EXTENSION_WORK	START_X(*)	START_Y	END_X(*)	END_Y	ANALYSIS_WORK	BREAK_STRAIN(*)(#)	BREAK_LOAD	TENSILE_STRENGTH
1	4815.4	3.0300e+001	7.959e-001	5.008e+009	0.000e+000	1.019e-002	2.640e-001	1.966e+001	8.251e-001	4.818e+001	2.745e-005	51.551	8.756e-001	1.818e+002
2	2482.1	3.0710e+001	4.345e-001	5.376e+009	0.000e+000	5.619e-003	2.931e-001	2.470e+001	8.141e-001	5.237e+001	1.545e-005	50.44	5.111e-001	2.059e+002
3	3421.1	3.0470e+001	5.598e-001	4.985e+009	2.207e-008	8.220e-003	2.626e-001	1.878e+001	8.861e-001	5.004e+001	2.250e-005	51.821	7.510e-001	2.195e+002
4	4307.3	2.9980e+001	-6.61E-04	-4.60E+06	0.000e+000	9.736e-003	2.001e-001	5.922e+000	8.005e-001	5.922e+000	4.648e-006	56.071	8.015e-001	1.861e+002
5														
6	4806.3	3.0180e+001	8.928e-001	5.606e+009	0.000e+000	9.337e-003	2.651e-001	2.215e+001	8.284e-001	5.348e+001	3.104e-005	47.747	8.491e-001	1.767e+002
7	5296.9	3.0130e+001	9.537e-001	5.425e+009	7.849e-008	1.056e-002	2.655e-001	1.889e+001	8.297e-001	4.992e+001	3.066e-005	44.275	1.092e+000	2.062e+002
8	4092.8	2.9970e+001	5.383e-004	3.942e+006	0.000e+000	8.302e-003	2.002e-001	6.592e+000	8.008e-001	6.472e+000	4.910e-006	46.046	8.545e-001	2.088e+002
9	3623.1	3.0690e+001	6.687e-001	5.664e+009	0.000e+000	7.753e-003	2.607e-001	2.369e+001	9.123e-001	6.025e+001	3.033e-005	47.735	7.230e-001	1.996e+002
10	7192.3	3.0140e+001	1.165e+000	4.881e+009	4.317e-007	1.365e-002	2.654e-001	1.296e+001	8.626e-001	4.235e+001	3.533e-005	44.194	1.370e+000	1.904e+002
11	3628.8	3.0500e+001	5.940e-001	4.993e+009	2.158e-007	7.423e-003	2.295e-001	1.460e+001	8.852e-001	4.650e+001	2.229e-005	50.164	6.254e-001	1.724e+002
12	3436.6	3.0550e+001	6.177e-001	5.491e+009	4.783e-007	8.791e-003	2.619e-001	1.684e+001	8.183e-001	4.796e+001	1.935e-005	57.545	6.794e-001	1.977e+002
13	3508.3	3.0070e+001	6.646e-001	5.697e+009	3.139e-007	6.815e-003	2.660e-001	1.916e+001	8.646e-001	5.383e+001	2.354e-005	46.857	6.416e-001	1.829e+002
14	3631.3	3.0470e+001	6.821e-001	5.723e+009	7.358e-009	7.806e-003	2.626e-001	2.067e+001	8.861e-001	5.674e+001	2.718e-005	47.621	7.373e-001	2.030e+002
15	2897.6	3.0740e+001	5.587e-001	5.927e+009	0.000e+000	6.005e-003	2.928e-001	2.506e+001	8.458e-001	5.773e+001	2.079e-005	47.105	5.548e-001	1.915e+002
16	4826.8	3.0630e+001	9.113e-001	5.783e+009	0.000e+000	1.265e-002	2.938e-001	2.388e+001	8.815e-001	5.884e+001	3.663e-005	54.522	1.043e+000	2.162e+002
17	3460.4	3.0340e+001	6.608e-001	5.794e+009	0.000e+000	8.700e-003	2.966e-001	2.594e+001	8.570e-001	5.869e+001	2.547e-005	53.823	7.368e-001	2.129e+002
18	3342.2	3.0140e+001	4.950e-001	4.464e+009	4.905e-008	5.665e-003	2.654e-001	1.703e+001	8.626e-001	4.359e+001	1.805e-005	42.07	5.832e-001	1.745e+002
19	4545.2	3.0430e+001	8.558e-001	5.729e+009	0.000e+000	8.679e-003	2.300e-001	2.007e+001	8.216e-001	5.429e+001	3.065e-005	44.2	8.678e-001	1.909e+002
20														
21	3428.5	3.0430e+001	6.442e-001	5.718e+009	0.000e+000	5.812e-003	2.300e-001	2.490e+001	8.216e-001	5.909e+001	2.615e-005	40.716	6.009e-001	1.753e+002
22	3440.6	3.0610e+001	6.509e-001	5.791e+009	0.000e+000	7.972e-003	2.614e-001	2.424e+001	8.494e-001	5.788e+001	2.594e-005	51.16	6.720e-001	1.953e+002
23	1523.6	3.0360e+001	2.983e-001	5.943e+009	0.000e+000	3.272e-003	2.964e-001	3.445e+001	8.893e-001	6.922e+001	1.460e-005	44.895	3.296e-001	2.164e+002
24	1654.7	2.9980e+001	-9.90E-05	-1.79E+06	3.679e-008	2.663e-003	2.001e-001	1.126e+001	8.339e-001	1.156e+001	3.615e-006	36.858	2.963e-001	1.791e+002
25	3675.7	3.0200e+001	6.520e-001	5.357e+009	3.188e-007	7.973e-003	2.649e-001	1.802e+001	8.278e-001	4.871e+001	2.117e-005	48.377	7.240e-001	1.970e+002
26	1703.2	2.9980e+001	4.180e-003	7.358e+007	0.000e+000	3.424e-003	2.001e-001	2.333e+001	8.005e-001	2.304e+001	7.120e-006	39.526	3.802e-001	2.232e+002
27	4213.1	3.0280e+001	7.975e-001	5.732e+009	0.000e+000	7.515e-003	2.642e-001	2.166e+001	8.256e-001	5.344e+001	2.732e-005	41.413	7.902e-001	1.876e+002
28	3348.5	3.0360e+001	6.235e-001	5.653e+009	0.000e+000	8.402e-003	2.964e-001	2.329e+001	8.893e-001	5.669e+001	2.443e-005	53.722	7.152e-001	2.136e+002
29	3248.8	3.0470e+001	5.815e-001	5.454e+009	-7.36E-09	5.172e-003	2.626e-001	2.129e+001	8.861e-001	5.481e+001	2.345e-005	37.283	6.107e-001	1.880e+002
30	2451.1	3.0450e+001	4.369e-001	5.428e+009	3.434e-008	3.335e-003	2.299e-001	1.961e+001	8.539e-001	5.343e+001	1.692e-005	34.91	3.762e-001	1.535e+002
31	3895.5	3.0110e+001	7.412e-001	5.729e+009	4.120e-007	7.937e-003	2.325e-001	1.738e+001	8.303e-001	5.163e+001	2.447e-005	47.061	7.559e-001	1.940e+002
32	3514.1	3.0470e+001	6.085e-001	5.276e+009	0.000e+000	4.960e-003	2.626e-001	2.275e+001	8.861e-001	5.584e+001	2.652e-005	36.889	5.533e-001	1.575e+002
33	3994.8	3.0430e+001	7.159e-001	5.453e+009	2.134e-007	1.024e-002	2.300e-001	1.793e+001	8.216e-001	5.071e+001	2.496e-005	56.26	8.452e-001	2.116e+002
34	3406.8	3.0060e+001	-3.50E-03	-3.09E+07	0.000e+000	6.453e-003	2.329e-001	5.760e+000	8.649e-001	5.472e+000	3.551e-006	49.235	5.916e-001	1.736e+002
35	3999.2	3.0420e+001	6.773e-001	5.152e+009	5.151e-008	8.300e-003	2.630e-001	2.061e+001	8.547e-001	5.115e+001	2.599e-005	46.154	8.094e-001	2.024e+002
36	5849.1	3.0380e+001	9.668e-001	5.021e+009	1.447e-007	1.765e-002	2.304e-001	1.518e+001	8.229e-001	4.487e+001	3.202e-005	62.08	1.313e+000	2.244e+002
37	6463.3	3.0260e+001	1.145e+000	5.361e+009	1.472e-007	7.800e-003	2.644e-001	1.685e+001	8.592e-001	4.903e+001	3.832e-005	30.701	9.781e-001	1.513e+002
38	3512.4	3.0450e+001	6.126e-001	5.311e+009	0.000e+000	7.714e-003	2.299e-001	2.095e+001	8.539e-001	5.335e+001	2.482e-005	49.458	6.980e-001	1.987e+002
39	2814.7	3.0300e+001	5.180e-001	5.576e+009	8.339e-008	6.421e-003	2.640e-001	1.917e+001	8.251e-001	4.984e+001	1.660e-005	50.759	5.695e-001	2.023e+002
40	4151.3	3.0100e+001	7.464e-001	5.412e+009	0.000e+000	7.588e-003	2.658e-001	2.174e+001	8.638e-001	5.495e+001	2.902e-005	42.625	8.020e-001	1.932e+002
41	6422.1	3.0140e+001	1.017e+000	4.771e+009	-1.47E-08	1.111e-002	2.654e-001	1.619e+001	8.626e-001	4.461e+001	3.458e-005	42.07	1.167e+000	1.818e+002
42	4058.6	3.0430e+001	7.366e-001	5.523e+009	2.379e-007	9.911e-003	2.300e-001	2.030e+001	8.216e-001	5.342e+001	2.701e-005	52.613	8.535e-001	2.103e+002
43	2888.9	3.0470e+001	5.335e-001	5.627e+009	0.000e+000	5.092e-003	2.626e-001	2.513e+001	8.861e-001	6.028e+001	2.383e-005	41.122	5.484e-001	1.898e+002
44	4067	3.0890e+001	7.626e-001	5.792e+009	2.060e-007	1.029e-002	2.590e-001	1.978e+001	8.093e-001	5.210e+001	2.516e-005	52.994	8.673e-001	2.132e+002
45	3637.5	3.0570e+001	6.482e-001	5.448e+009	0.000e+000	8.509e-003	2.617e-001	2.549e+001	8.505e-001	5.745e+001	2.728e-005	51.161	7.505e-001	2.063e+002
46	3701.5	3.0290e+001	6.368e-001	5.211e+009	8.830e-008	8.886e-003	2.311e-001	1.683e+001	8.584e-001	4.956e+001	2.352e-005	54.473	7.495e-001	2.025e+002
47	3842.5	3.0210e+001	6.988e-001	5.494e+009	0.000e+000	7.399e-003	2.317e-001	2.017e+001	8.606e-001	5.489e+001	2.755e-005	45.614	7.378e-001	1.920e+002
48	3240.7	3.0630e+001	5.646e-001	5.336e+009	8.094e-008	1.846e-003	2.938e-001	2.149e+001	8.815e-001	5.434e+001	2.263e-005	15.475	4.385e-001	1.353e+002
49	3874.7	3.0710e+001	7.466e-001	5.917e+009	2.207e-008	9.298e-003	2.931e-001	2.291e+001	8.141e-001	5.368e+001	2.412e-005	53.305	7.716e-001	1.991e+002
50	4291.2	3.0320e+001	7.426e-001	5.247e+009	7.039e-007	1.823e-004	2.639e-001	1.509e+001	8.245e-001	4.504e+001	2.213e-005	2.342	4.636e-001	1.080e+002
51	2586	3.0890e+001	4.848e-001	5.791e+009	0.000e+000	6.256e-003	2.266e-001	2.504e+001	8.093e-001	5.880e+001	1.939e-005	51.473	5.347e-001	2.068e+002
52	3134	3.0500e+001	5.735e-001	5.581e+009	0.000e+000	7.178e-003	2.295e-001	2.254e+001	8.852e-001	5.854e+001	2.545e-005	48.623	6.603e-001	2.107e+002
53	4550.8	3.0130e+001	8.164e-001	5.405e+009	4.170e-008	1.209e-002	2.323e-001	1.595e+001	8.297e-001	4.689e+001	2.590e-005	55.46	1.013e+000	2.227e+002
54	4155.5	3.0290e+001	7.133e-001	5.200e+009	3.581e-007	7.642e-003	2.311e-001	1.664e+001	8.584e-001	4.958e+001	2.694e-005	44.833	7.446e-001	1.792e+002
55	4574.8	3.0650e+001	8.030e-001	5.380e+009	2.134e-007	1.194e-002	2.936e-001	1.994e+001	8.809e-001	5.157e+001	2.919e-005	57.781	9.188e-001	2.008e+002
56	3619.6	3.0600e+001	6.558e-001	5.544e+009	0.000e+000	7.971e-003	2.614e-001	2.209e+001	8.497e-001	5.475e+001	2.510e-005	49.477	7.127e-001	1.969e+002
57	4345.9	3.0660e+001	7.714e-001	5.442e+009	2.575e-007	9.316e-003	2.935e-001	2.032e+001	8.806e-001	5.237e+001	2.817e-005	46.543	9.217e-001	2.121e+002
58	4104.8	3.0260e+001	7.982e-001	5.884e+009	0.000e+000	7.900e-003	2.313e-001	2.163e+001	8.592e-001	5.820e+001	3.101e-005	45.373	7.392e-001	1.801e+002
59	4729.7	3.0710e+001	8.445e-001	5.484e+009	7.358e-009	1.161e-002	2.931e-001	1.991e+001	8.141e-001	4.906e+001	2.611e-005	50.83	1.040e+000	2.200e+002
60	2017.5	3.0080e+001	3.892e-001	5.802e+009	1.962e-008	3.883e-004	2.327e-001	2.407e+001	8.644e-001	6.176e+001	1.675e-005	5.585	2.865e-001	1.420e+002
61	3920	3.0450e+001	7.526e-001	5.846e+009	0.000e+000	9.294e-003	2.627e-001	2.365e+001	8.867e-001	6.044e+001	3.194e-005	50.64	8.148e-001	2.079e+002
62	2419	3.0420e+001	4.864e-001	6.116e+009	1.545e-007	4.485e-003	2.630e-001	2.515e+001	8.547e-001	6.185e+001	1.909e-005	42.867	4.430e-001	1.831e+002
63	4352	3.0400e+001	7.696e-001	5.376e+009	2.379e-007	1.109e-002	2.303e-001	1.555e+001	8.224e-001	4.790e+001	2.484e-005	53.355	9.467e-001	2.175e+002
64	4414.9	3.0320e+001	8.364e-001	5.744e+009	0.000e+000	9.807e-003	2.639e-001	2.067e+001	8.245e-001	5.344e+001	2.791e-005	48.351	9.296e-001	2.105e+002
65	2529.7	2.9990e+001	9.038e-002	1.071e+009	0.000e+000	5.974e-003	2.001e-001	4.983e+001	8.336e-001	5.255e+001	2.313e-005	44.148	5.720e-001	2.261e+002
66	5674.9	2.9990e+001	9.840e-001	5.200e+009	9.197e-007	1.247e-002	2.001e-001	7.607e+000	8.336e-001	3.968e+001	2.515e-005	51.751	1.072e+000	1.890e+002
67														
68	5267.8	2.9980e+001	3.007e-001	1.711e+009	0.000e+000	1.128e-002	2.001e-001	2.002e+001	8.005e-001	3.464e+001	2.406e-005	43.996	1.067e+000	2.026e+002
69	5476.1	2.9980e+001	2.547e-002	1.394e+008	0.000e+000	1.118e-002	2.001e-001	6.360e+000	8.005e-001	7.704e+000	6.487e-006	45.564	1.099e+000	2.007e+002
70	2899	3.1040e+001	5.588e-001	5.983e+009	0.000e+000	7.427e-003	3.222e-001	2.893e+001	8.054e-001	5.770e+001	1.882e-005			
71	4726.6	2.9980e+001	3.240e-002	2.055e+008	0.000e+000	8.404e-003	2.001e-001	1.650e+001	8.005e-001	1.391e+001	1.105e-005	43.029	8.339e-001	1.764e+002
72	3610.8	3.0300e+001	6.192e-001	5.196e+009	1.962e-008	5.840e-003	2.640e-001	1.834e+001	8.251e-001	4.714e+001	2.019e-005	41.716	5.940e-001	1.645e+002
73	4390.2	3.1070e+001	8.375e-001	5.927e+009	0.000e+000	1.243e-002	2.253e-001	1.888e+001	8.368e-001	5.475e+001	3.103e-005	58.095	9.639e-001	2.196e+002
74	5605.3	3.0380e+001	9.487e-001	5.142e+009	0.000e+000	1.096e-002	2.304e-001	1.698e+001	8.229e-001	4.761e+001	3.275e-005	48.848	9.830e-001	1.754e+002
75	3393.1	3.0920e+001	6.331e-001	5.769e+009	0.000e+000	9.431e-003	2.587e-001	2.255e+001	8.409e-001	5.580e+001	2.421e-005	52.07	8.339e-001	2.458e+002
76	4092	3.0650e+001	7.790e-001	5.835e+009	1.692e-007	6.490e-003	2.936e-001	2.409e+001	8.809e-001	5.874e+001	3.047e-005	39.543	6.750e-001	1.649e+002
77	2697.9	3.0680e+001	4.580e-001	5.208e+009	0.000e+000	6.068e-003	2.934e-001	2.582e+001	8.149e-001	5.291e+001	1.711e-005	49.837	5.298e-001	1.964e+002
78	3902.3	3.0070e+001	7.208e-001	5.554e+009	1.889e-007	4.614e-003	2.660e-001	1.974e+001	8.314e-001	5.204e+001	2.435e-005	30.396	5.725e-001	1.467e+002
79	3621.9	3.0380e+001	5.326e-001	4.467e+009	0.000e+000	7.811e-003	2.304e-001	1.883e+001	8.887e-001	3.968e+001	1.612e-005	50.165	6.804e-001	1.878e+002
80	3133.7	3.0650e+001	5.775e-001	5.649e+009	0.000e+000	8.980e-003	2.936e-001	2.567e+001	9.135e-001	5.995e+001	2.580e-005	58.76	6.961e-001	2.221e+002
81	4132.8	3.0650e+001	7.105e-001	5.269e+009	2.134e-007	8.459e-003	2.936e-001	2.041e+001	9.135e-001	5.270e+001	2.882e-005	47.341	7.780e-001	1.882e+002
82	2579	3.0380e+001	4.583e-001	5.399e+009	0.000e+000	4.258e-003	2.304e-001	2.263e+001	8.229e-001	5.478e+001	1.779e-005	39.467	4.434e-001	1.719e+002
83	4116.2	3.0710e+001	6.806e-001	5.078e+009	7.358e-009	9.547e-003	2.931e-001	2.157e+001	8.466e-001	4.958e+001	2.479e-005	50.081	8.658e-001	2.103e+002
84	2890.1	3.0860e+001	5.241e-001	5.596e+009	2.036e-007	7.819e-003	2.268e-001	2.189e+001	9.073e-001	6.008e+001	2.545e-005	60.305	5.680e-001	1.965e+002
85	4020.1	3.0600e+001	7.008e-001	5.334e+009	0.000e+000	1.015e-002	2.614e-001	2.184e+001	8.497e-001	5.320e+001	2.675e-005	52.908	8.859e-001	2.204e+002
86	5964.6	3.0220e+001	1.024e+000	5.190e+009	4.709e-007	1.179e-002	2.647e-001	1.472e+001	8.273e-001	4.392e+001	2.965e-005	47.32	1.146e+000	1.922e+002
87	2648.2	3.0340e+001	4.695e-001	5.379e+009	0.000e+000	6.223e-003	2.637e-001	2.408e+001	8.570e-001	5.501e+001	1.884e-005	54.417	4.954e-001	1.871e+002
88	3738.2	3.0600e+001	6.780e-001	5.550e+009	0.000e+000	9.052e-003	2.614e-001	2.506e+001	8.497e-001	5.787e+001	2.795e-005	52.712	7.726e-001	2.067e+002
89	2682	3.0600e+001	5.104e-001	5.823e+009	-1.47E-08	1.034e-003	2.614e-001	2.268e+001	8.497e-001	5.706e+001	1.917e-005	10.784	3.365e-001	1.255e+002
90	2244.8	3.0680e+001	4.757e-001	6.502e+009	0.000e+000	4.850e-003	2.934e-001	3.212e+001	8.149e-001	6.577e+001	1.783e-005	41.851	5.141e-001	2.290e+002
91	3115.4	3.0360e+001	5.776e-001	5.629e+009	0.000e+000	7.734e-003	2.964e-001	2.629e+001	8.893e-001	5.967e+001	2.444e-005	51.416	6.877e-001	2.207e+002
92	3423.7	3.0420e+001	6.588e-001	5.853e+009	5.886e-008	7.635e-003	2.630e-001	2.464e+001	8.547e-001	6.003e+001	2.640e-005	49.014	6.961e-001	2.033e+002
93	5133	3.0450e+001	9.229e-001	5.475e+009	0.000e+000	1.109e-002	2.299e-001	1.806e+001	8.539e-001	5.170e+001	3.418e-005	50.411	9.884e-001	1.926e+002
94	5893.4	3.0160e+001	1.001e+000	5.121e+009	3.679e-008	1.170e-002	2.653e-001	1.740e+001	8.952e-001	4.861e+001	3.704e-005	44.131	1.212e+000	2.056e+002
95	3532.2	2.9980e+001	5.672e-003	4.815e+007	0.000e+000	9.941e-003	2.001e-001	1.194e+001	8.005e-001	1.264e+001	7.949e-006	57.038	8.270e-001	2.341e+002
96	3233.6	3.0340e+001	5.795e-001	5.437e+009	1.790e-007	7.299e-003	2.966e-001	2.245e+001	8.570e-001	5.279e+001	2.113e-005	49.802	6.436e-001	1.990e+002
97	4275	3.0680e+001	7.998e-001	5.740e+009	5.886e-008	8.265e-003	2.934e-001	2.226e+001	8.149e-001	5.186e+001	2.572e-005	43.579	8.010e-001	1.874e+002
98	4926	3.0240e+001	8.500e-001	5.218e+009	5.298e-007	9.809e-003	2.646e-001	1.573e+001	8.598e-001	4.750e+001	2.807e-005	48.776	8.908e-001	1.808e+002
99	4870.6	3.0200e+001	8.444e-001	5.235e+009	4.415e-008	1.127e-002	2.318e-001	1.541e+001	8.278e-001	4.582e+001	2.616e-005	51.457	9.997e-001	2.053e+002
100	3514.5	3.0770e+001	6.468e-001	5.663e+009	0.000e+000	6.552e-003	2.925e-001	2.373e+001	8.775e-001	5.667e+001	2.553e-005	44.296	6.137e-001	1.746e+002