Single Phase Analysis Version 11.0: Basic Format
Source File: D:\20241209$IHNY$25pk30 phosctrl$25pk30 0.01$25pk30 0.03$25pk30 0.05.uvc
Operator: 
Sample ID: 	1000
Bar Code: 	1000
File Comments: 	New File
Lower Area Filter: 	5.0
Upper Area Filter: 	2000.0
(*)Gauge Force Correction To Strain Axis:	NO
(#)Compliance (mm/N): 	0.0000
RECORD	MEAN AREA	ESTIMATED_LENGTH(*)	GRADIENT(*)	EMOD(*)(#)	DECRIMPING_WORK	EXTENSION_WORK	START_X(*)	START_Y	END_X(*)	END_Y	ANALYSIS_WORK	BREAK_STRAIN(*)(#)	BREAK_LOAD	TENSILE_STRENGTH	
	sq. micron	mm	N/mm	Pascals	Joules	Joules	% Strain	MPa	% Strain	MPa	Joules	% Strain	N	MPa	
1	3986.6	3.0360e+001	6.437e-001	4.902e+009	6.401e-007	8.375e-003	2.306e-001	1.083e+001	8.893e-001	4.294e+001	2.157e-005	53.557	6.710e-001	1.683e+002	
2	3490.9	3.0070e+001	5.850e-001	5.039e+009	0.000e+000	7.714e-003	2.328e-001	1.728e+001	8.314e-001	4.693e+001	2.013e-005	52.511	6.632e-001	1.900e+002	
3	2401.4	3.0470e+001	4.316e-001	5.477e+009	0.000e+000	5.741e-003	2.626e-001	2.717e+001	8.861e-001	6.148e+001	2.046e-005	54.513	4.675e-001	1.947e+002	
4	6132.4	3.0240e+001	1.149e+000	5.664e+009	5.102e-007	1.031e-002	2.646e-001	1.576e+001	8.598e-001	4.903e+001	3.635e-005	41.964	1.033e+000	1.685e+002	
5	3513.1	3.0060e+001	6.460e-001	5.528e+009	1.202e-007	7.473e-003	2.329e-001	1.578e+001	8.649e-001	5.013e+001	2.227e-005	50.599	6.480e-001	1.844e+002	
6	3900.5	3.0080e+001	6.919e-001	5.336e+009	2.134e-007	8.281e-003	2.327e-001	1.723e+001	8.644e-001	5.131e+001	2.545e-005	49.967	7.662e-001	1.964e+002	
7
8	3424.2	3.0190e+001	6.845e-001	6.035e+009	0.000e+000	7.964e-003	2.319e-001	2.306e+001	8.612e-001	6.174e+001	2.771e-005	49.950	7.176e-001	2.096e+002	
9	3521.3	3.0300e+001	5.859e-001	5.041e+009	1.472e-008	8.221e-003	2.640e-001	2.006e+001	8.251e-001	4.834e+001	2.102e-005	54.026	6.887e-001	1.956e+002	
10	2213.6	3.0080e+001	4.241e-001	5.763e+009	1.619e-007	4.983e-003	2.660e-001	2.327e+001	8.644e-001	5.739e+001	1.636e-005	52.261	4.209e-001	1.901e+002	
11	4267.9	3.0210e+001	7.679e-001	5.436e+009	1.839e-007	1.574e-003	2.317e-001	1.724e+001	8.606e-001	5.138e+001	2.734e-005	10.659	5.518e-001	1.293e+002	
12	4345.5	3.0360e+001	7.243e-001	5.060e+009	3.262e-007	9.328e-003	2.964e-001	1.772e+001	8.564e-001	4.673e+001	2.370e-005	52.964	7.490e-001	1.724e+002	
13	3293.5	3.0380e+001	6.536e-001	6.029e+009	-2.698e-008	3.208e-004	2.304e-001	1.996e+001	8.887e-001	5.958e+001	2.634e-005	3.522	4.513e-001	1.370e+002	
14	3019.7	3.0090e+001	5.929e-001	5.908e+009	1.104e-007	6.491e-003	2.326e-001	1.917e+001	8.973e-001	5.799e+001	2.363e-005	48.721	5.769e-001	1.910e+002	
15	2411.9	3.0100e+001	3.885e-001	4.848e+009	0.000e+000	3.313e-003	2.326e-001	2.156e+001	8.638e-001	5.207e+001	1.680e-005	34.718	3.836e-001	1.590e+002	
16	3015.1	3.0380e+001	5.342e-001	5.383e+009	-2.453e-009	3.963e-003	2.304e-001	1.838e+001	8.229e-001	4.962e+001	1.866e-005	36.735	4.047e-001	1.342e+002	
17	4320.6	3.0060e+001	7.506e-001	5.222e+009	5.224e-007	6.600e-003	2.329e-001	1.124e+001	8.649e-001	4.360e+001	2.189e-005	38.789	7.054e-001	1.633e+002	
18	3192.4	3.0070e+001	6.011e-001	5.662e+009	0.000e+000	7.455e-003	2.660e-001	2.351e+001	8.314e-001	5.562e+001	2.172e-005	52.311	6.421e-001	2.011e+002	
19	3159.5	3.0060e+001	5.510e-001	5.243e+009	0.000e+000	4.188e-003	2.329e-001	2.096e+001	8.649e-001	5.418e+001	2.271e-005	35.862	4.557e-001	1.442e+002	
20	5397.0	3.0380e+001	8.902e-001	5.011e+009	5.077e-007	5.800e-003	2.304e-001	1.127e+001	8.887e-001	4.444e+001	2.970e-005	29.427	7.368e-001	1.365e+002	
21	3362.5	3.0220e+001	6.202e-001	5.574e+009	0.000e+000	7.977e-003	2.316e-001	2.203e+001	8.273e-001	5.529e+001	2.304e-005	52.713	6.961e-001	2.070e+002	
22	4033.8	3.0240e+001	6.359e-001	4.767e+009	0.000e+000	9.652e-003	2.315e-001	1.836e+001	8.598e-001	4.730e+001	2.504e-005	53.373	8.261e-001	2.048e+002	
23	4933.7	3.0070e+001	8.865e-001	5.403e+009	0.000e+000	1.107e-002	2.328e-001	1.750e+001	8.979e-001	5.270e+001	3.479e-005	51.513	9.663e-001	1.959e+002	
24	4354.5	3.0040e+001	8.532e-001	5.886e+009	0.000e+000	9.826e-003	2.330e-001	2.073e+001	8.655e-001	5.779e+001	3.251e-005	49.767	8.805e-001	2.022e+002	
25	6419.7	3.0500e+001	1.172e+000	5.568e+009	0.000e+000	1.682e-002	2.295e-001	1.887e+001	8.852e-001	5.494e+001	4.762e-005	58.393	1.280e+000	1.994e+002	
26	4694.2	2.9980e+001	8.637e-001	5.516e+009	4.407e-006	9.725e-003	1.067e+000	2.518e+001	1.734e+000	6.197e+001	4.130e-005	47.698	8.987e-001	1.914e+002	
27	3021.5	3.0240e+001	5.569e-001	5.574e+009	1.275e-007	5.981e-003	2.646e-001	2.127e+001	8.598e-001	5.487e+001	2.080e-005	47.222	5.465e-001	1.809e+002	
28	4464.5	3.0320e+001	7.473e-001	5.075e+009	2.404e-007	1.118e-002	2.968e-001	1.967e+001	8.245e-001	4.670e+001	2.364e-005	59.136	8.530e-001	1.911e+002	
29	3800.8	3.0030e+001	7.510e-001	5.934e+009	1.913e-007	8.738e-003	2.331e-001	1.704e+001	8.325e-001	5.253e+001	2.436e-005	54.246	7.132e-001	1.877e+002	
30	4284.1	3.0110e+001	8.074e-001	5.675e+009	0.000e+000	1.047e-002	2.657e-001	2.141e+001	8.303e-001	5.324e+001	2.737e-005	54.268	8.884e-001	2.074e+002	
31	4175.2	3.0250e+001	7.571e-001	5.485e+009	0.000e+000	8.160e-003	2.314e-001	1.903e+001	8.264e-001	5.240e+001	2.688e-005	45.455	8.020e-001	1.921e+002	
32	2625.3	3.0430e+001	4.887e-001	5.665e+009	0.000e+000	5.386e-003	2.300e-001	2.616e+001	8.216e-001	6.073e+001	2.047e-005	44.561	5.239e-001	1.996e+002	
33	3298.6	3.0480e+001	5.750e-001	5.313e+009	1.619e-007	7.386e-003	2.297e-001	1.680e+001	8.530e-001	5.011e+001	2.128e-005	54.068	5.739e-001	1.740e+002	
34	2310.3	3.0110e+001	4.241e-001	5.527e+009	0.000e+000	5.662e-003	2.325e-001	2.208e+001	8.303e-001	5.584e+001	1.629e-005	58.120	4.336e-001	1.877e+002	
35	2622.7	3.0380e+001	4.704e-001	5.448e+009	0.000e+000	6.778e-003	2.304e-001	2.301e+001	8.887e-001	5.910e+001	2.156e-005	57.275	5.273e-001	2.011e+002	
36	4196.9	3.0210e+001	7.100e-001	5.111e+009	1.987e-007	8.058e-003	2.317e-001	1.753e+001	8.937e-001	5.073e+001	2.915e-005	46.971	7.603e-001	1.812e+002	
37	4246.2	3.0260e+001	7.704e-001	5.490e+009	3.924e-008	7.445e-003	2.644e-001	2.068e+001	8.592e-001	5.441e+001	2.881e-005	42.102	7.652e-001	1.802e+002	
38	2589.2	3.0240e+001	4.499e-001	5.254e+009	6.377e-008	5.383e-003	2.646e-001	2.198e+001	8.598e-001	5.381e+001	1.792e-005	47.421	5.092e-001	1.967e+002	
39	2729.7	3.0210e+001	4.771e-001	5.280e+009	1.521e-007	6.444e-003	2.317e-001	2.103e+001	8.606e-001	5.481e+001	1.962e-005	54.121	5.278e-001	1.934e+002	
40	2980.4	3.0090e+001	5.721e-001	5.776e+009	0.000e+000	5.287e-003	2.326e-001	2.205e+001	8.308e-001	5.645e+001	2.147e-005	40.578	5.754e-001	1.931e+002	
41	4129.4	3.0120e+001	7.534e-001	5.495e+009	0.000e+000	6.261e-003	2.324e-001	2.019e+001	8.632e-001	5.536e+001	2.956e-005	37.915	7.020e-001	1.700e+002	
42	4099.3	3.0210e+001	6.307e-001	4.648e+009	0.000e+000	7.889e-003	2.317e-001	1.711e+001	8.937e-001	4.751e+001	2.672e-005	48.328	7.250e-001	1.769e+002	
43	3358.5	3.0100e+001	5.620e-001	5.037e+009	-2.453e-008	8.736e-003	2.326e-001	1.870e+001	8.638e-001	5.024e+001	2.184e-005	57.010	7.221e-001	2.150e+002	
44	5573.2	3.0300e+001	9.231e-001	5.019e+009	2.992e-007	1.626e-004	2.640e-001	1.593e+001	8.251e-001	4.392e+001	2.848e-005	1.947	4.910e-001	8.810e+001	
45	3320.0	3.0710e+001	6.362e-001	5.885e+009	0.000e+000	6.761e-003	2.931e-001	2.512e+001	8.466e-001	5.748e+001	2.374e-005	45.913	6.323e-001	1.905e+002	
46	2903.9	3.0110e+001	4.878e-001	5.058e+009	2.551e-007	3.926e-003	2.325e-001	1.807e+001	8.303e-001	4.916e+001	1.800e-005	38.559	4.067e-001	1.400e+002	
47	5209.7	3.0240e+001	9.545e-001	5.540e+009	1.717e-007	8.596e-003	2.646e-001	1.695e+001	8.598e-001	5.009e+001	3.159e-005	39.881	9.129e-001	1.752e+002	
48	3733.0	3.0210e+001	7.377e-001	5.970e+009	0.000e+000	7.629e-003	2.317e-001	1.997e+001	8.937e-001	5.887e+001	3.004e-005	46.375	7.333e-001	1.964e+002	
49	5443.8	3.0380e+001	8.620e-001	4.811e+009	0.000e+000	1.100e-002	2.304e-001	1.577e+001	8.229e-001	4.352e+001	2.917e-005	48.453	1.012e+000	1.859e+002	
50	4760.8	3.0140e+001	8.897e-001	5.632e+009	1.717e-007	1.179e-002	2.322e-001	1.690e+001	8.626e-001	5.358e+001	3.204e-005	57.963	8.972e-001	1.885e+002	
51	3769.1	3.0190e+001	6.287e-001	5.036e+009	1.202e-007	9.675e-003	2.319e-001	1.796e+001	8.612e-001	4.985e+001	2.439e-005	59.225	7.436e-001	1.973e+002	
52	4918.4	3.0120e+001	7.851e-001	4.808e+009	1.717e-007	1.042e-002	2.324e-001	1.366e+001	8.632e-001	4.408e+001	2.657e-005	49.967	9.541e-001	1.940e+002	
53	4149.0	3.0060e+001	6.741e-001	4.884e+009	2.698e-008	6.752e-003	2.329e-001	1.549e+001	8.649e-001	4.611e+001	2.432e-005	41.883	6.799e-001	1.639e+002	
54	3085.4	3.0130e+001	5.040e-001	4.921e+009	1.128e-007	6.136e-003	2.655e-001	1.971e+001	8.297e-001	4.865e+001	1.778e-005	47.959	5.631e-001	1.825e+002	
55	4406.3	3.0060e+001	7.602e-001	5.186e+009	0.000e+000	9.085e-003	2.329e-001	1.837e+001	8.649e-001	5.165e+001	2.933e-005	50.233	8.187e-001	1.858e+002	
56	3887.7	3.0130e+001	7.535e-001	5.839e+009	2.011e-007	9.197e-003	2.655e-001	2.057e+001	8.297e-001	5.476e+001	2.493e-005	52.771	7.799e-001	2.006e+002	
57	3953.2	3.0170e+001	7.239e-001	5.525e+009	6.867e-008	8.097e-003	2.320e-001	1.650e+001	8.618e-001	5.038e+001	2.509e-005	46.569	7.638e-001	1.932e+002	
58	5200.6	3.0080e+001	9.620e-001	5.564e+009	-6.377e-008	9.409e-003	2.660e-001	1.943e+001	8.644e-001	5.310e+001	3.424e-005	41.223	1.034e+000	1.988e+002	
59	4458.2	3.0170e+001	7.527e-001	5.094e+009	-9.811e-009	2.894e-003	2.320e-001	1.661e+001	8.618e-001	4.830e+001	2.741e-005	18.363	5.602e-001	1.257e+002	
60
61	4034.9	3.0280e+001	7.676e-001	5.761e+009	0.000e+000	9.433e-003	2.642e-001	2.334e+001	8.917e-001	5.921e+001	3.233e-005	52.972	7.839e-001	1.943e+002	
62	3503.2	3.0080e+001	6.034e-001	5.181e+009	3.213e-007	9.099e-003	2.327e-001	1.512e+001	8.644e-001	4.831e+001	2.121e-005	56.715	7.530e-001	2.149e+002	
63	2762.4	3.0100e+001	5.077e-001	5.532e+009	0.000e+000	4.306e-003	2.326e-001	2.237e+001	8.638e-001	5.700e+001	2.072e-005	37.608	4.856e-001	1.758e+002	
64	3722.9	3.0130e+001	6.518e-001	5.275e+009	1.741e-007	7.788e-003	2.655e-001	1.792e+001	8.629e-001	5.007e+001	2.312e-005	48.755	7.123e-001	1.913e+002	
65	3737.9	3.0140e+001	6.134e-001	4.946e+009	5.347e-007	5.761e-003	2.322e-001	1.706e+000	1.626e+000	6.483e+001	4.700e-005	38.388	6.642e-001	1.777e+002	
66	4788.2	3.0070e+001	7.431e-001	4.667e+009	1.275e-007	8.594e-003	2.328e-001	1.363e+001	8.314e-001	4.098e+001	2.325e-005	43.964	8.521e-001	1.779e+002	
67	4338.4	3.0190e+001	6.749e-001	4.697e+009	2.502e-007	8.808e-003	2.319e-001	1.368e+001	8.612e-001	4.297e+001	2.280e-005	46.870	8.319e-001	1.918e+002	
68	5788.1	3.0100e+001	8.950e-001	4.654e+009	3.875e-007	1.402e-002	2.326e-001	1.085e+001	8.638e-001	3.983e+001	2.745e-005					
69	4376.8	3.0130e+001	7.334e-001	5.049e+009	4.537e-007	9.949e-003	2.655e-001	1.737e+001	8.297e-001	4.662e+001	2.393e-005	50.647	9.276e-001	2.119e+002	
70	2961.0	3.0300e+001	5.259e-001	5.382e+009	0.000e+000	7.638e-003	2.640e-001	2.551e+001	8.251e-001	5.600e+001	2.071e-005	60.957	5.563e-001	1.879e+002	
71	2795.9	3.0260e+001	5.277e-001	5.712e+009	0.000e+000	4.626e-004	2.644e-001	2.456e+001	8.592e-001	5.930e+001	2.119e-005	5.288	3.630e-001	1.298e+002	
72	3006.6	3.0120e+001	6.013e-001	6.024e+009	0.000e+000	6.854e-003	2.324e-001	2.186e+001	8.964e-001	6.053e+001	2.519e-005	47.842	6.504e-001	2.163e+002	
73	4806.3	3.0260e+001	8.196e-001	5.160e+009	1.668e-007	9.201e-003	2.644e-001	1.674e+001	8.592e-001	4.766e+001	2.751e-005	45.770	8.638e-001	1.797e+002	
74	3436.5	3.0070e+001	5.750e-001	5.032e+009	0.000e+000	9.192e-003	2.328e-001	1.827e+001	8.314e-001	4.839e+001	2.065e-005	59.295	7.118e-001	2.071e+002	
75	5018.0	3.0160e+001	8.191e-001	4.923e+009	0.000e+000	1.158e-002	2.653e-001	1.701e+001	8.289e-001	4.389e+001	2.584e-005	52.056	1.014e+000	2.022e+002	
76	4725.4	3.0280e+001	8.927e-001	5.720e+009	2.060e-007	9.942e-003	2.642e-001	1.972e+001	8.917e-001	5.523e+001	3.428e-005	49.141	8.913e-001	1.886e+002	
77	2662.6	3.0630e+001	4.383e-001	5.042e+009	7.358e-009	4.889e-003	2.938e-001	2.303e+001	8.815e-001	5.416e+001	1.875e-005	44.401	4.822e-001	1.811e+002	
78	3905.6	3.0410e+001	7.029e-001	5.473e+009	1.717e-008	9.292e-003	2.302e-001	1.783e+001	8.221e-001	5.011e+001	2.428e-005	52.779	7.961e-001	2.038e+002	
79	8527.6	3.0210e+001	1.341e+000	4.751e+009	5.886e-008	1.922e-002	2.317e-001	1.404e+001	8.275e-001	4.205e+001	4.282e-005	51.639	1.702e+000	1.996e+002	
80	5325.7	2.9980e+001	9.154e-001	5.153e+009	1.698e-005	1.113e-002	1.634e+000	1.096e+001	2.168e+000	3.758e+001	2.031e-005	51.601	9.585e-001	1.800e+002	
81	2929.8	3.0570e+001	5.168e-001	5.393e+009	0.000e+000	5.813e-003	2.617e-001	2.478e+001	8.505e-001	5.659e+001	2.159e-005	50.016	5.067e-001	1.730e+002	
82	4000.5	3.0710e+001	6.267e-001	4.811e+009	1.472e-008	1.111e-002	2.931e-001	1.950e+001	8.466e-001	4.586e+001	2.235e-005	62.976	7.795e-001	1.948e+002	
83	4629.3	3.0090e+001	7.901e-001	5.136e+009	9.811e-008	7.567e-003	2.326e-001	1.589e+001	8.308e-001	4.715e+001	2.656e-005	41.941	7.593e-001	1.640e+002	
84	5561.3	3.0160e+001	8.877e-001	4.814e+009	3.605e-007	1.041e-002	2.321e-001	1.402e+001	8.289e-001	4.287e+001	2.896e-005	45.656	1.019e+000	1.832e+002	
85	3633.0	3.0210e+001	6.473e-001	5.382e+009	0.000e+000	4.607e-003	2.317e-001	2.133e+001	8.275e-001	5.306e+001	2.476e-005	33.697	5.509e-001	1.516e+002	
86	2733.5	3.0240e+001	4.748e-001	5.252e+009	2.011e-007	5.608e-003	2.646e-001	2.153e+001	8.598e-001	5.348e+001	1.848e-005	48.181	5.111e-001	1.870e+002	
87	2795.5	3.0140e+001	5.562e-001	5.997e+009	0.000e+000	5.821e-004	2.322e-001	2.457e+001	8.295e-001	5.931e+001	2.146e-005	6.204	3.718e-001	1.330e+002	
88	6229.9	3.0360e+001	1.005e+000	4.897e+009	8.339e-008	1.322e-002	2.306e-001	1.433e+001	8.893e-001	4.630e+001	3.821e-005	50.659	1.165e+000	1.870e+002	
89	3603.3	3.0320e+001	5.871e-001	4.940e+009	4.905e-009	9.194e-003	2.639e-001	1.919e+001	8.245e-001	4.642e+001	1.967e-005	55.079	7.618e-001	2.114e+002	
90	4685.3	3.0240e+001	7.150e-001	4.615e+009	5.298e-007	9.885e-003	2.646e-001	1.235e+001	8.598e-001	3.978e+001	2.169e-005	53.968	8.040e-001	1.716e+002	
91	3491.6	3.0190e+001	5.808e-001	5.022e+009	-9.811e-009	8.934e-003	2.319e-001	1.925e+001	1.192e+000	6.659e+001	4.412e-005	59.424	6.848e-001	1.961e+002	
92	4264.0	3.0400e+001	7.284e-001	5.193e+009	5.052e-007	3.959e-003	2.632e-001	1.737e+001	8.224e-001	4.751e+001	2.345e-005	24.934	5.675e-001	1.331e+002	
93	3550.5	3.0300e+001	6.245e-001	5.329e+009	0.000e+000	8.018e-003	2.640e-001	2.307e+001	8.251e-001	5.250e+001	2.291e-005	52.112	6.872e-001	1.936e+002	
94	4094.8	3.0320e+001	7.783e-001	5.763e+009	2.575e-007	8.078e-003	2.968e-001	2.312e+001	8.245e-001	5.379e+001	2.524e-005	46.834	7.682e-001	1.876e+002	
95	5815.8	3.0320e+001	9.231e-001	4.812e+009	9.345e-007	1.228e-002	2.968e-001	1.442e+001	8.245e-001	4.006e+001	2.537e-005	50.660	1.114e+000	1.915e+002	
96	2614.2	3.0160e+001	3.785e-001	4.366e+009	5.886e-008	3.618e-003	2.653e-001	1.914e+001	1.359e+000	6.699e+001	3.539e-005	35.013	4.194e-001	1.604e+002	
97	4053.8	3.0340e+001	7.109e-001	5.321e+009	3.017e-007	9.344e-003	2.307e-001	1.621e+001	8.570e-001	4.985e+001	2.581e-005	53.856	7.711e-001	1.902e+002	
98	3321.1	3.0150e+001	5.655e-001	5.134e+009	2.404e-007	5.564e-003	2.653e-001	1.964e+001	8.624e-001	5.051e+001	2.131e-005	41.658	5.671e-001	1.707e+002	
99	3699.9	3.0260e+001	7.509e-001	6.141e+009	2.698e-007	8.493e-003	2.644e-001	1.856e+001	8.592e-001	5.608e+001	2.495e-005	52.115	7.186e-001	1.942e+002	
100	5371.0	3.0300e+001	6.144e-001	3.466e+009	1.373e-007	4.097e-004	2.640e-001	1.352e+001	8.251e-001	3.297e+001	2.118e-005	4.389	3.968e-001	7.389e+001	
Note 1: Columns marked (*) are affected if gauge force correction is applied
Note 2: Columns marked (#) are affected if the compliance factor is > 0
