Three Phase Analysis Version 6.0
Source File: D:\20241203_NSK_IHNY_bleached_unwashed_old batch_batch 1_batch 2.uvc
RECORD	CROSS-SECTIONAL AREA	MEAN DIAMETER	MAX DIAMETER	MIN DIAMETER	ELASTIC EMOD	ELASTIC GRADIENT	ELASTIC EXT	ELASTIC STRESS	PLATEAU LOAD	PLATEAU STRESS	LOAD 15%	STRESS 15%	WORK 15%	LOAD 25%	STRESS 25%	WORK 25%	YIELD EXT	POSTYIELD GRADIENT	BREAK EXT	BREAK LOAD	BREAK STRESS	TOTAL WORK	TOUGHNESS
	  sq. microns	Microns	Microns	Microns	Pascals	gmf/mm	% Strain	gmf/sq micron	gmf	gmf/sq micron	gmf	gmf/sq micron	Joules	gmf	gmf/sq micron	Joules	% Strain	gmf/mm	% Strain	gmf	gmf/sq micron	Joules	Joules/m3
1	2785.8	64.7	81.1	43.8	4.662e+009	4.349e+001	3.19	1.574e-002	4.290e+001	1.540e-002	4.210e+001	1.511e-002	1.798e-003	4.315e+001	1.549e-002	3.063e-003	23.62	1.949e+000	44.88	5.410e+001	1.942e-002	5.881e-003	6.935e+007
2	3082.9	63.3	71.8	54.6	3.899e+009	4.072e+001	3.26	1.405e-002	4.370e+001	1.417e-002	4.420e+001	1.434e-002	1.783e-003	4.585e+001	1.487e-002	3.105e-003	15.75	6.813e-001	29.71	4.750e+001	1.541e-002	3.750e-003	4.043e+007
3	4206.9	75.1	87.9	60.9	4.134e+009	5.913e+001	3.27	1.450e-002	6.462e+001	1.536e-002	6.415e+001	1.525e-002	2.557e-003	6.635e+001	1.577e-002	4.485e-003	27.05	4.017e+000	52.57	9.675e+001	2.300e-002	1.108e-002	8.782e+007
4
5	3959.6	71.9	78.1	64.6	4.583e+009	6.138e+001	2.92	1.400e-002	5.902e+001	1.491e-002	5.850e+001	1.477e-002	2.369e-003	6.330e+001	1.599e-002	4.185e-003	23.40	2.505e+000	45.67	7.805e+001	1.971e-002	8.334e-003	6.986e+007
6	3091.0	64.0	69.4	56.7	4.286e+009	4.454e+001	3.33	1.603e-002	5.030e+001	1.627e-002	4.975e+001	1.609e-002	2.055e-003	5.145e+001	1.664e-002	3.555e-003	23.35	2.643e+000	44.49	6.605e+001	2.137e-002	6.920e-003	7.384e+007
7	5788.9	85.6	97.7	75.4	3.755e+009	7.317e+001	3.47	1.331e-002	7.909e+001	1.366e-002	7.850e+001	1.356e-002	3.182e-003	8.090e+001	1.397e-002	5.549e-003	21.60	4.715e+000	40.85	1.046e+002	1.806e-002	9.838e-003	5.613e+007
8
9	4170.3	73.9	80.2	66.2	3.999e+009	5.637e+001	3.48	1.496e-002	6.472e+001	1.552e-002	6.475e+001	1.553e-002	2.595e-003	6.565e+001	1.574e-002	4.530e-003	26.69	3.416e+000	51.06	8.880e+001	2.129e-002	1.036e-002	8.238e+007
10	3635.5	71.2	82.2	56.3	3.929e+009	4.751e+001	4.08	1.619e-002	5.737e+001	1.578e-002	5.665e+001	1.558e-002	2.300e-003	5.760e+001	1.584e-002	4.001e-003	24.47	2.007e+000	45.45	6.975e+001	1.919e-002	7.835e-003	7.031e+007
11	3600.5	74.2	91.0	50.3	4.706e+009	5.693e+001	3.43	1.675e-002	5.872e+001	1.631e-002	5.730e+001	1.591e-002	2.407e-003	5.875e+001	1.632e-002	4.142e-003	26.40	2.746e+000	50.23	7.610e+001	2.114e-002	9.112e-003	8.342e+007
12	3853.0	74.0	88.7	55.3	3.899e+009	5.072e+001	3.38	1.418e-002	5.456e+001	1.416e-002	5.380e+001	1.396e-002	2.224e-003	5.580e+001	1.448e-002	3.815e-003	27.76	3.265e+000	53.43	8.020e+001	2.081e-002	9.488e-003	8.157e+007
13	5195.8	84.0	99.6	66.4	4.714e+009	8.302e+001	2.99	1.465e-002	7.851e+001	1.511e-002	7.785e+001	1.498e-002	3.193e-003	8.020e+001	1.544e-002	5.544e-003	19.52	2.460e+000	37.75	9.435e+001	1.816e-002	8.702e-003	5.570e+007
14	3184.2	65.9	78.5	51.7	4.772e+009	5.167e+001	4.00	1.592e-002	5.256e+001	1.651e-002	5.235e+001	1.644e-002	1.997e-003	5.370e+001	1.686e-002	3.565e-003	22.21	2.907e+000	41.69	6.830e+001	2.145e-002	6.501e-003	6.810e+007
15	3784.0	70.8	81.3	59.3	4.395e+009	5.615e+001	3.28	1.553e-002	6.060e+001	1.602e-002	6.255e+001	1.653e-002	2.415e-003	6.320e+001	1.670e-002	4.273e-003	23.12	2.880e+000	44.15	7.925e+001	2.094e-002	8.185e-003	7.165e+007
16	4788.9	81.9	99.0	61.6	4.433e+009	7.107e+001	3.19	1.500e-002	7.272e+001	1.519e-002	7.375e+001	1.540e-002	2.988e-003	7.630e+001	1.593e-002	5.220e-003	18.98	1.668e+000	35.67	8.420e+001	1.758e-002	7.710e-003	5.288e+007
17
18	5439.6	87.1	101.8	68.0	4.384e+009	8.007e+001	3.06	1.453e-002	8.315e+001	1.529e-002	8.195e+001	1.507e-002	3.355e-003	8.625e+001	1.586e-002	5.868e-003	28.75	4.902e+000	55.47	1.268e+002	2.330e-002	1.548e-002	9.376e+007
19	2190.2	53.3	58.3	47.8	4.731e+009	3.486e+001	3.14	1.559e-002	3.483e+001	1.590e-002	3.470e+001	1.584e-002	1.428e-003	3.675e+001	1.678e-002	2.490e-003	22.84	1.947e+000	43.63	4.695e+001	2.144e-002	4.758e-003	7.169e+007
20	2638.6	60.2	70.9	47.4	4.923e+009	4.359e+001	3.00	1.567e-002	4.058e+001	1.538e-002	4.005e+001	1.518e-002	1.682e-003	4.095e+001	1.552e-002	2.885e-003	23.67	1.611e+000	45.36	5.040e+001	1.910e-002	5.582e-003	6.963e+007
21	3472.2	69.8	84.2	52.5	4.015e+009	4.700e+001	3.21	1.434e-002	5.200e+001	1.498e-002	5.245e+001	1.511e-002	2.107e-003	5.360e+001	1.544e-002	3.660e-003	23.28	2.946e+000	44.51	6.950e+001	2.002e-002	7.162e-003	6.821e+007
22	3788.2	74.4	89.7	53.8	4.648e+009	5.939e+001	3.31	1.567e-002	5.949e+001	1.570e-002	5.895e+001	1.556e-002	2.420e-003	6.115e+001	1.614e-002	4.202e-003	16.45	9.731e-001	30.87	6.330e+001	1.671e-002	5.262e-003	4.596e+007
23	3085.6	64.7	75.7	51.9	3.685e+009	3.798e+001	3.47	1.402e-002	4.231e+001	1.371e-002	4.190e+001	1.358e-002	1.742e-003	4.230e+001	1.371e-002	2.988e-003	25.98	1.575e+000	49.08	5.235e+001	1.697e-002	6.308e-003	6.698e+007
24	2643.1	60.0	72.1	46.6	4.685e+009	4.166e+001	3.14	1.553e-002	4.081e+001	1.544e-002	4.000e+001	1.513e-002	1.689e-003	4.140e+001	1.566e-002	2.901e-003	26.11	2.326e+000	50.40	5.635e+001	2.132e-002	6.538e-003	8.164e+007
25	4171.8	75.5	88.1	60.3	4.296e+009	6.048e+001	3.34	1.539e-002	6.544e+001	1.569e-002	6.480e+001	1.553e-002	2.650e-003	6.855e+001	1.643e-002	4.624e-003	23.24	4.456e+000	44.46	9.280e+001	2.224e-002	9.250e-003	7.339e+007
26	3347.7	65.5	67.6	63.1	4.343e+009	4.870e+001	3.12	1.420e-002	5.014e+001	1.498e-002	5.180e+001	1.547e-002	2.024e-003	5.160e+001	1.541e-002	3.551e-003	25.01	2.810e+000	47.81	6.905e+001	2.063e-002	7.603e-003	7.463e+007
27	3659.5	70.9	82.7	56.4	4.688e+009	5.756e+001	3.03	1.545e-002	5.749e+001	1.571e-002	5.670e+001	1.549e-002	2.370e-003	5.845e+001	1.597e-002	4.079e-003	18.70	1.533e+000	35.58	6.595e+001	1.802e-002	6.007e-003	5.403e+007
28	2910.4	65.7	79.6	46.5	4.530e+009	4.470e+001	3.36	1.627e-002	4.828e+001	1.659e-002	4.745e+001	1.630e-002	1.946e-003	4.920e+001	1.691e-002	3.354e-003	27.91	2.988e+000	53.89	7.375e+001	2.534e-002	8.608e-003	9.839e+007
29	3138.9	66.2	78.9	50.6	4.448e+009	4.687e+001	2.83	1.424e-002	4.541e+001	1.447e-002	4.705e+001	1.499e-002	1.908e-003				10.70	4.728e-001	19.73	4.775e+001	1.521e-002	2.562e-003	2.689e+007
30	3983.0	74.1	87.1	58.2	4.104e+009	5.525e+001	3.25	1.506e-002	6.053e+001	1.520e-002	5.995e+001	1.505e-002	2.473e-003	6.180e+001	1.552e-002	4.275e-003	25.73	3.466e+000	49.73	8.435e+001	2.118e-002	9.533e-003	7.935e+007
31	5132.5	81.5	92.3	70.8	4.392e+009	7.619e+001	2.55	1.262e-002	7.146e+001	1.392e-002	7.240e+001	1.411e-002	2.960e-003	7.355e+001	1.433e-002	5.117e-003	15.48	6.178e-001	30.40	7.550e+001	1.471e-002	6.267e-003	4.048e+007
32	2698.8	60.0	67.8	50.8	4.752e+009	4.332e+001	3.18	1.551e-002	4.326e+001	1.603e-002	4.290e+001	1.590e-002	1.744e-003	4.475e+001	1.658e-002	3.043e-003	26.04	2.519e+000	50.40	6.185e+001	2.292e-002	7.000e-003	8.594e+007
33	4022.4	72.4	83.2	61.6	4.355e+009	5.900e+001	3.30	1.479e-002	6.137e+001	1.526e-002	6.035e+001	1.500e-002	2.477e-003	6.210e+001	1.544e-002	4.294e-003	29.97	3.387e+000	57.73	9.420e+001	2.342e-002	1.191e-002	9.786e+007
34	4276.1	73.9	78.4	69.5	4.839e+009	6.956e+001	2.97	1.504e-002	6.707e+001	1.568e-002	6.615e+001	1.547e-002	2.764e-003	6.950e+001	1.625e-002	4.765e-003	22.56	4.250e+000	43.37	9.335e+001	2.183e-002	9.173e-003	7.075e+007
35
36	3994.9	78.0	97.0	52.4	4.291e+009	5.799e+001	3.58	1.646e-002	6.538e+001	1.636e-002	6.440e+001	1.612e-002	2.629e-003	6.645e+001	1.663e-002	4.567e-003	23.56	2.845e+000	44.84	8.275e+001	2.071e-002	8.818e-003	7.326e+007
37
38	4610.4	77.1	83.0	70.7	4.167e+009	6.462e+001	3.56	1.551e-002	7.204e+001	1.562e-002	7.050e+001	1.529e-002	2.930e-003	7.335e+001	1.591e-002	5.068e-003	24.98	3.857e+000	47.49	9.680e+001	2.100e-002	1.068e-002	7.642e+007
39
40	2889.0	60.6	64.2	57.3	4.298e+009	4.183e+001	3.27	1.520e-002	4.484e+001	1.552e-002	4.445e+001	1.539e-002	1.834e-003	4.545e+001	1.573e-002	3.169e-003	25.51	2.672e+000	49.04	6.280e+001	2.174e-002	7.012e-003	8.021e+007
41	3037.5	64.3	73.3	52.8	5.436e+009	5.547e+001	1.71	1.030e-002	3.200e+001	1.054e-002							1.81	3.500e+001	2.08	3.550e+001	1.169e-002	1.250e-004	1.357e+006
42	4655.3	83.6	102.8	57.6	4.449e+009	6.937e+001	3.25	1.504e-002	7.282e+001	1.564e-002	7.320e+001	1.572e-002	2.926e-003	8.125e+001	1.745e-002	5.203e-003	21.16	1.381e+000	40.16	8.840e+001	1.899e-002	8.909e-003	6.289e+007
43	3617.4	68.9	75.9	60.7	4.939e+009	5.985e+001	2.99	1.551e-002	5.866e+001	1.622e-002	5.960e+001	1.648e-002	2.383e-003	6.030e+001	1.667e-002	4.157e-003	24.68	2.338e+000	47.29	7.355e+001	2.033e-002	8.504e-003	7.726e+007
44	5589.8	86.1	95.3	74.7	4.255e+009	8.049e+001	3.19	1.450e-002	8.455e+001	1.512e-002	8.385e+001	1.500e-002	3.357e-003	8.795e+001	1.573e-002	5.891e-003	26.93	4.936e+000	52.09	1.225e+002	2.191e-002	1.419e-002	8.427e+007
45	4352.0	75.3	82.8	66.9	4.182e+009	6.141e+001	3.21	1.461e-002	6.471e+001	1.487e-002	6.410e+001	1.473e-002	2.635e-003	6.535e+001	1.502e-002	4.560e-003	27.47	3.444e+000	53.13	9.130e+001	2.098e-002	1.102e-002	8.385e+007
46	3559.2	68.3	76.1	59.5	4.565e+009	5.466e+001	3.30	1.575e-002	5.721e+001	1.607e-002	5.550e+001	1.559e-002	2.329e-003	5.835e+001	1.639e-002	4.024e-003	29.01	3.401e+000	55.97	9.045e+001	2.541e-002	1.094e-002	1.014e+008
47	3874.5	73.6	86.4	57.1	4.619e+009	6.084e+001	4.37	1.531e-002	5.984e+001	1.544e-002	5.940e+001	1.533e-002	2.210e-003	6.030e+001	1.556e-002	3.983e-003	25.92	3.454e+000	48.70	8.170e+001	2.109e-002	8.846e-003	7.615e+007
48	3993.6	72.8	83.4	60.9	4.704e+009	6.311e+001	3.26	1.610e-002	6.542e+001	1.638e-002	6.500e+001	1.628e-002	2.680e-003	6.735e+001	1.686e-002	4.617e-003	23.27	3.729e+000	44.43	8.555e+001	2.142e-002	9.052e-003	7.470e+007
49	4098.3	73.2	80.1	65.2	4.410e+009	6.096e+001	3.18	1.466e-002	6.107e+001	1.490e-002	6.030e+001	1.471e-002	2.485e-003	6.330e+001	1.545e-002	4.327e-003	22.40	3.581e+000	43.05	8.250e+001	2.013e-002	8.161e-003	6.590e+007
50	3224.7	67.5	78.8	52.1	4.013e+009	4.360e+001	3.34	1.439e-002	4.614e+001	1.431e-002	4.585e+001	1.422e-002	1.871e-003	4.820e+001	1.495e-002	3.264e-003	18.08	9.808e-001	33.92	5.125e+001	1.589e-002	4.571e-003	4.686e+007
51	2917.4	63.3	75.0	49.6	4.484e+009	4.379e+001	2.63	1.299e-002	4.273e+001	1.465e-002	4.450e+001	1.525e-002	1.757e-003	4.765e+001	1.633e-002	3.102e-003	20.53	1.468e+000	39.70	5.515e+001	1.890e-002	5.295e-003	5.960e+007
52	4463.7	79.1	93.0	61.1	4.393e+009	6.655e+001	3.23	1.440e-002	6.560e+001	1.470e-002	6.480e+001	1.452e-002	2.633e-003	6.690e+001	1.499e-002	4.592e-003	22.78	3.224e+000	43.96	8.470e+001	1.898e-002	8.740e-003	6.520e+007
53
54	3458.5	67.0	77.9	56.5	4.117e+009	4.812e+001	3.15	1.444e-002	5.314e+001	1.536e-002	5.285e+001	1.528e-002	2.161e-003	5.500e+001	1.590e-002	3.769e-003	21.49	2.130e+000	41.21	6.715e+001	1.942e-002	6.585e-003	6.313e+007
55	4731.0	80.4	95.0	63.5	4.198e+009	6.686e+001	3.60	1.611e-002	7.389e+001	1.562e-002	7.230e+001	1.528e-002	3.000e-003	7.440e+001	1.573e-002	5.186e-003	24.08	3.659e+000	45.48	9.500e+001	2.008e-002	1.026e-002	7.161e+007
56	2419.0	56.9	63.8	48.2	4.638e+009	3.774e+001	3.27	1.614e-002	3.985e+001	1.648e-002	3.965e+001	1.639e-002	1.624e-003	4.020e+001	1.662e-002	2.819e-003	27.29	2.180e+000	52.31	5.585e+001	2.309e-002	6.665e-003	9.094e+007
57	3822.6	69.9	75.9	64.1	4.884e+009	6.305e+001	2.98	1.540e-002	6.096e+001	1.595e-002	6.115e+001	1.600e-002	2.472e-003	6.265e+001	1.639e-002	4.310e-003	26.28	3.282e+000	51.03	8.430e+001	2.205e-002	9.867e-003	8.553e+007
58	4719.8	80.5	94.3	63.7	4.764e+009	7.609e+001	3.25	1.563e-002	7.580e+001	1.606e-002	7.400e+001	1.568e-002	3.037e-003	7.810e+001	1.655e-002	5.290e-003	28.42	4.871e+000	54.98	1.200e+002	2.541e-002	1.410e-002	9.917e+007
59	3835.2	73.3	88.6	55.1	4.804e+009	6.264e+001	3.30	1.493e-002	6.372e+001	1.661e-002	6.675e+001	1.740e-002	2.470e-003	6.610e+001	1.723e-002	4.429e-003	21.85	2.490e+000	42.26	8.080e+001	2.107e-002	8.023e-003	6.978e+007
60
61	4169.0	73.0	76.0	69.8	4.250e+009	5.972e+001	3.24	1.490e-002	6.471e+001	1.552e-002	6.595e+001	1.582e-002	2.548e-003	6.920e+001	1.660e-002	4.579e-003	22.55	2.745e+000	43.19	8.470e+001	2.032e-002	8.575e-003	6.801e+007
62	4598.2	77.4	88.7	66.1	4.092e+009	6.357e+001	3.35	1.453e-002	6.766e+001	1.471e-002	6.715e+001	1.460e-002	2.742e-003	6.800e+001	1.479e-002	4.744e-003	27.44	3.548e+000	52.97	9.475e+001	2.061e-002	1.138e-002	8.202e+007
63	2573.1	58.1	63.7	51.5	4.573e+009	4.001e+001	4.14	1.626e-002	4.134e+001	1.607e-002	4.130e+001	1.605e-002	1.579e-003				11.71	8.258e-001	20.45	4.285e+001	1.665e-002	2.252e-003	2.919e+007
64	3222.1	67.9	79.4	51.7	4.680e+009	5.082e+001	3.11	1.542e-002	5.125e+001	1.590e-002	5.190e+001	1.611e-002	2.077e-003	5.270e+001	1.636e-002	3.615e-003	24.24	1.906e+000	46.63	6.485e+001	2.013e-002	7.294e-003	7.486e+007
65	4359.2	78.7	91.6	60.6	4.324e+009	6.318e+001	3.45	1.561e-002	6.679e+001	1.532e-002	6.630e+001	1.521e-002	2.757e-003	6.640e+001	1.523e-002	4.731e-003	28.94	3.243e+000	55.41	9.190e+001	2.108e-002	1.182e-002	8.918e+007
66	2311.9	55.4	61.3	47.9	4.648e+009	3.622e+001	2.98	1.585e-002	3.752e+001	1.623e-002	3.790e+001	1.639e-002	1.553e-003	3.830e+001	1.657e-002	2.661e-003	19.41	7.706e-001	37.37	4.180e+001	1.808e-002	4.119e-003	5.893e+007
67	5049.3	84.1	102.8	62.5	4.624e+009	7.849e+001	2.84	1.383e-002	7.489e+001	1.483e-002	7.585e+001	1.502e-002	3.026e-003	8.380e+001	1.660e-002	5.440e-003	19.89	1.740e+000	38.36	9.420e+001	1.866e-002	8.886e-003	5.805e+007
68	3960.2	74.3	87.3	57.8	4.361e+009	5.872e+001	4.00	1.622e-002	6.563e+001	1.657e-002	6.490e+001	1.639e-002	2.556e-003	6.725e+001	1.698e-002	4.517e-003	24.95	3.588e+000	47.13	8.865e+001	2.239e-002	9.472e-003	7.978e+007
69	3197.8	64.3	71.5	56.9	4.565e+009	4.904e+001	3.16	1.535e-002	4.941e+001	1.545e-002	4.865e+001	1.521e-002	2.049e-003	5.075e+001	1.587e-002	3.495e-003	24.03	3.384e+000	45.95	7.055e+001	2.206e-002	7.248e-003	7.471e+007
70	3319.1	65.7	74.3	56.9	3.987e+009	4.468e+001	3.41	1.469e-002	4.866e+001	1.466e-002							7.52	6.781e-001	12.85	4.835e+001	1.457e-002	1.631e-003	1.628e+007
71	4229.3	74.2	82.3	65.4	4.156e+009	5.925e+001	3.60	1.522e-002	6.632e+001	1.568e-002	6.595e+001	1.559e-002	2.625e-003	6.875e+001	1.626e-002	4.581e-003	27.91	3.885e+000	53.17	9.755e+001	2.307e-002	1.149e-002	8.981e+007
72	4115.6	74.4	84.9	61.7	4.533e+009	6.321e+001	3.19	1.458e-002	6.370e+001	1.548e-002	6.520e+001	1.584e-002	2.526e-003	6.695e+001	1.627e-002	4.491e-003	22.41	3.568e+000	43.35	8.635e+001	2.098e-002	8.554e-003	6.909e+007
73	4596.1	79.0	90.9	64.3	4.222e+009	6.541e+001	3.11	1.447e-002	6.736e+001	1.466e-002	6.710e+001	1.460e-002	2.790e-003	6.780e+001	1.475e-002	4.755e-003	24.44	3.518e+000	47.22	8.865e+001	1.929e-002	9.862e-003	7.095e+007
74
75	4790.9	81.2	98.0	62.2	4.550e+009	7.338e+001	3.50	1.595e-002	7.827e+001	1.634e-002	7.775e+001	1.623e-002	3.147e-003	8.020e+001	1.674e-002	5.489e-003	25.07	5.095e+000	47.79	1.136e+002	2.371e-002	1.204e-002	8.298e+007
Min:	2190.2	53.3	58.3	43.8	3.685e+009	3.486e+001	1.71	1.030e-002	3.200e+001	1.054e-002	3.470e+001	1.356e-002	1.428e-003	3.675e+001	1.371e-002	2.490e-003	1.81	4.728e-001	2.08	3.550e+001	1.169e-002	1.250e-004	1.357e+006
Max:	5788.9	87.1	102.8	75.4	5.436e+009	8.302e+001	4.37	1.675e-002	8.455e+001	1.661e-002	8.385e+001	1.740e-002	3.357e-003	8.795e+001	1.745e-002	5.891e-003	29.97	3.500e+001	57.73	1.268e+002	2.541e-002	1.548e-002	1.014e+008
Median:	3844.1	72.9	82.3	58.0	4.422e+009	5.836e+001	3.25	1.513e-002	6.019e+001	1.547e-002	6.013e+001	1.539e-002	2.445e-003	6.293e+001	1.592e-002	4.285e-003	23.64	2.863e+000	45.40	8.050e+001	2.076e-002	8.529e-003	7.167e+007
Mean:	3819.4	71.6	82.4	58.6	4.427e+009	5.677e+001	3.26	1.501e-002	5.859e+001	1.537e-002	5.897e+001	1.541e-002	2.391e-003	6.150e+001	1.592e-002	4.202e-003	22.94	3.243e+000	43.86	7.741e+001	2.021e-002	8.147e-003	6.994e+007
Std. Dev.:	824.9	7.9	10.6	7.3	3.210e+008	1.197e+001	0.37	1.024e-003	1.253e+001	9.380e-004	1.208e+001	7.378e-004	4.869e-004	1.272e+001	7.897e-004	8.457e-004	5.09	4.136e+000	10.10	2.011e+001	2.652e-003	2.887e-003	1.894e+007
% Premature Failure:	4.55
